img_5086.txt
[0, 79, 79, 311, 0.9001645445823669] 
[0.030859375, 0.2708333333333333, 0.06171875, 0.32222222222222224, 0.9001645445823669]
img_5401.txt
[0, 127, 119, 494, 0.9260057210922241] 
[0.046484375, 0.43125, 0.09296875, 0.5097222222222222, 0.9260057210922241]
img_5121.txt
[146, 120, 332, 391, 0.9989665746688843] 
[0.18671875, 0.3548611111111111, 0.1453125, 0.3763888888888889, 0.9989665746688843]
img_5100.txt
[58, 118, 211, 356, 0.9964014291763306] 
[0.105078125, 0.32916666666666666, 0.11953125, 0.33055555555555555, 0.9964014291763306]
img_5526.txt
[208, 0, 548, 344, 0.9991523027420044] 
[0.2953125, 0.2388888888888889, 0.265625, 0.4777777777777778, 0.9991523027420044]
img_9617.txt
[810, 0, 1169, 422, 0.9965925812721252] 
[0.773046875, 0.29305555555555557, 0.28046875, 0.5861111111111111, 0.9965925812721252]
img_7157.txt
[494, 0, 865, 192, 0.9295654892921448] 
[0.530859375, 0.13333333333333333, 0.28984375, 0.26666666666666666, 0.9295654892921448]
img_5122.txt
[141, 123, 332, 396, 0.999104917049408] 
[0.184765625, 0.36041666666666666, 0.14921875, 0.37916666666666665, 0.999104917049408]
img_7159.txt
[514, 0, 889, 189, 0.9913233518600464] 
[0.548046875, 0.13125, 0.29296875, 0.2625, 0.9913233518600464]
img_3130.txt
[490, 264, 782, 663, 0.9332679510116577] 
[0.496875, 0.64375, 0.228125, 0.5541666666666667, 0.9332679510116577]
img_4885.txt
[95, 53, 423, 531, 0.9978907704353333] 
[0.20234375, 0.40555555555555556, 0.25625, 0.6638888888888889, 0.9978907704353333]
img_10513.txt
[1180, 0, 1278, 157, 0.9761477708816528] 
[0.96015625, 0.10902777777777778, 0.0765625, 0.21805555555555556, 0.9761477708816528]
img_5079.txt
[0, 16, 103, 266, 0.9981818199157715] 
[0.040234375, 0.19583333333333333, 0.08046875, 0.3472222222222222, 0.9981818199157715]
img_5078.txt
[0, 9, 105, 257, 0.9987717270851135] 
[0.041015625, 0.18472222222222223, 0.08203125, 0.34444444444444444, 0.9987717270851135]
img_5129.txt
[144, 141, 381, 465, 0.997036337852478] 
[0.205078125, 0.42083333333333334, 0.18515625, 0.45, 0.997036337852478]
img_5131.txt
[176, 135, 426, 465, 0.9986494183540344] 
[0.23515625, 0.4166666666666667, 0.1953125, 0.4583333333333333, 0.9986494183540344]
img_2321.txt
[544, 234, 603, 288, 0.9231476783752441] 
[0.448046875, 0.3625, 0.04609375, 0.075, 0.9231476783752441]
img_2342.txt
[520, 327, 573, 377, 0.9851644039154053] 
[0.426953125, 0.4888888888888889, 0.04140625, 0.06944444444444445, 0.9851644039154053]
img_10532.txt
[1177, 0, 1278, 185, 0.9946072697639465] 
[0.958984375, 0.1284722222222222, 0.07890625, 0.2569444444444444, 0.9946072697639465]
img_7163.txt
[541, 0, 921, 211, 0.9939867258071899] 
[0.57109375, 0.14652777777777778, 0.296875, 0.29305555555555557, 0.9939867258071899]
img_5097.txt
[25, 102, 176, 336, 0.998164713382721] 
[0.078515625, 0.30416666666666664, 0.11796875, 0.325, 0.998164713382721]
img_3129.txt
[472, 272, 785, 639, 0.9552335739135742] 
[0.491015625, 0.6326388888888889, 0.24453125, 0.5097222222222222, 0.9552335739135742]
img_10285.txt
[1060, 152, 1278, 641, 0.9994542002677917] 
[0.91328125, 0.5506944444444445, 0.1703125, 0.6791666666666667, 0.9994542002677917]
img_10281.txt
[1049, 131, 1278, 628, 0.9993177652359009] 
[0.908984375, 0.5270833333333333, 0.17890625, 0.6902777777777778, 0.9993177652359009]
img_9607.txt
[818, 0, 1120, 331, 0.99729984998703] 
[0.75703125, 0.2298611111111111, 0.2359375, 0.4597222222222222, 0.99729984998703]
img_9611.txt
[825, 0, 1143, 364, 0.9972225427627563] 
[0.76875, 0.25277777777777777, 0.2484375, 0.5055555555555555, 0.9972225427627563]
img_7161.txt
[523, 0, 908, 212, 0.9951334595680237] 
[0.558984375, 0.14722222222222223, 0.30078125, 0.29444444444444445, 0.9951334595680237]
img_2947.txt
[408, 455, 503, 511, 0.9503130316734314] 
[0.355859375, 0.6708333333333333, 0.07421875, 0.07777777777777778, 0.9503130316734314]
img_1935.txt
[1056, 256, 1082, 285, 0.95119708776474] 
[0.83515625, 0.37569444444444444, 0.0203125, 0.04027777777777778, 0.95119708776474]
img_4867.txt
[164, 0, 416, 253, 0.9973601698875427] 
[0.2265625, 0.17569444444444443, 0.196875, 0.35138888888888886, 0.9973601698875427]
img_7921.txt
[542, 619, 644, 719, 0.9372343420982361] 
[0.46328125, 0.9291666666666667, 0.0796875, 0.1388888888888889, 0.9372343420982361]
img_5110.txt
[130, 153, 298, 407, 0.9993382096290588] 
[0.1671875, 0.3888888888888889, 0.13125, 0.3527777777777778, 0.9993382096290588]
img_5132.txt
[196, 124, 444, 459, 0.9991050362586975] 
[0.25, 0.4048611111111111, 0.19375, 0.4652777777777778, 0.9991050362586975]
img_5402.txt
[0, 130, 119, 505, 0.9434926509857178] 
[0.046484375, 0.4409722222222222, 0.09296875, 0.5208333333333334, 0.9434926509857178]
img_2338.txt
[548, 331, 602, 382, 0.9925991296768188] 
[0.44921875, 0.4951388888888889, 0.0421875, 0.07083333333333333, 0.9925991296768188]
img_5075.txt
[0, 0, 92, 233, 0.9876111149787903] 
[0.0359375, 0.16180555555555556, 0.071875, 0.3236111111111111, 0.9876111149787903]
img_10517.txt
[1160, 0, 1278, 152, 0.998185932636261] 
[0.95234375, 0.10555555555555556, 0.0921875, 0.2111111111111111, 0.998185932636261]
img_10521.txt
[1151, 0, 1278, 174, 0.9988942742347717] 
[0.948828125, 0.12083333333333333, 0.09921875, 0.24166666666666667, 0.9988942742347717]
img_4877.txt
[253, 0, 544, 228, 0.9990814924240112] 
[0.311328125, 0.15833333333333333, 0.22734375, 0.31666666666666665, 0.9990814924240112]
img_5096.txt
[19, 102, 169, 332, 0.9981163740158081] 
[0.0734375, 0.3013888888888889, 0.1171875, 0.3194444444444444, 0.9981163740158081]
img_5091.txt
[0, 107, 84, 331, 0.9616455435752869] 
[0.0328125, 0.30416666666666664, 0.065625, 0.3111111111111111, 0.9616455435752869]
img_4886.txt
[0, 164, 268, 549, 0.984948456287384] 
[0.1046875, 0.4951388888888889, 0.209375, 0.5347222222222222, 0.984948456287384]
img_7171.txt
[621, 0, 988, 198, 0.9981229901313782] 
[0.628515625, 0.1375, 0.28671875, 0.275, 0.9981229901313782]
img_3014.txt
[708, 529, 901, 680, 0.9833643436431885] 
[0.628515625, 0.8395833333333333, 0.15078125, 0.20972222222222223, 0.9833643436431885]
img_10518.txt
[1160, 0, 1278, 160, 0.9988042116165161] 
[0.95234375, 0.1111111111111111, 0.0921875, 0.2222222222222222, 0.9988042116165161]
img_10278.txt
[1114, 165, 1278, 636, 0.9897477626800537] 
[0.934375, 0.55625, 0.128125, 0.6541666666666667, 0.9897477626800537]
img_4872.txt
[217, 0, 495, 260, 0.9989668130874634] 
[0.278125, 0.18055555555555555, 0.2171875, 0.3611111111111111, 0.9989668130874634]
img_5535.txt
[0, 35, 181, 397, 0.9983173608779907] 
[0.070703125, 0.3, 0.14140625, 0.5027777777777778, 0.9983173608779907]
img_2281.txt
[557, 119, 610, 170, 0.9631325602531433] 
[0.455859375, 0.20069444444444445, 0.04140625, 0.07083333333333333, 0.9631325602531433]
img_10283.txt
[1040, 143, 1278, 639, 0.9989469647407532] 
[0.90546875, 0.5430555555555555, 0.1859375, 0.6888888888888889, 0.9989469647407532]
img_5136.txt
[204, 61, 473, 408, 0.9993618130683899] 
[0.264453125, 0.32569444444444445, 0.21015625, 0.48194444444444445, 0.9993618130683899]
img_5116.txt
[148, 144, 326, 410, 0.9995960593223572] 
[0.18515625, 0.38472222222222224, 0.1390625, 0.36944444444444446, 0.9995960593223572]
img_3004.txt
[929, 452, 1175, 626, 0.9502658843994141] 
[0.821875, 0.7486111111111111, 0.1921875, 0.24166666666666667, 0.9502658843994141]
img_9608.txt
[824, 0, 1136, 339, 0.9977309107780457] 
[0.765625, 0.23541666666666666, 0.24375, 0.4708333333333333, 0.9977309107780457]
img_4868.txt
[192, 0, 455, 260, 0.9970908164978027] 
[0.252734375, 0.18055555555555555, 0.20546875, 0.3611111111111111, 0.9970908164978027]
img_5536.txt
[0, 70, 143, 411, 0.9962440729141235] 
[0.055859375, 0.33402777777777776, 0.11171875, 0.4736111111111111, 0.9962440729141235]
img_7191.txt
[575, 0, 939, 204, 0.9778949618339539] 
[0.59140625, 0.14166666666666666, 0.284375, 0.2833333333333333, 0.9778949618339539]
img_7158.txt
[505, 0, 882, 189, 0.9802629351615906] 
[0.541796875, 0.13125, 0.29453125, 0.2625, 0.9802629351615906]
img_5107.txt
[105, 145, 267, 391, 0.9982380867004395] 
[0.1453125, 0.37222222222222223, 0.1265625, 0.3416666666666667, 0.9982380867004395]
img_5135.txt
[216, 90, 477, 426, 0.9994074106216431] 
[0.270703125, 0.35833333333333334, 0.20390625, 0.4666666666666667, 0.9994074106216431]
img_5138.txt
[160, 1, 427, 355, 0.9993537068367004] 
[0.229296875, 0.24722222222222223, 0.20859375, 0.49166666666666664, 0.9993537068367004]
img_7195.txt
[626, 0, 973, 176, 0.9386751055717468] 
[0.624609375, 0.12222222222222222, 0.27109375, 0.24444444444444444, 0.9386751055717468]
img_5140.txt
[80, 0, 343, 276, 0.9967225193977356] 
[0.165234375, 0.19166666666666668, 0.20546875, 0.38333333333333336, 0.9967225193977356]
img_5074.txt
[0, 0, 87, 227, 0.9511893391609192] 
[0.033984375, 0.15763888888888888, 0.06796875, 0.31527777777777777, 0.9511893391609192]
img_4864.txt
[51, 0, 282, 230, 0.9923933744430542] 
[0.130078125, 0.1597222222222222, 0.18046875, 0.3194444444444444, 0.9923933744430542]
img_5415.txt
[0, 135, 252, 566, 0.9965373277664185] 
[0.0984375, 0.48680555555555555, 0.196875, 0.5986111111111111, 0.9965373277664185]
img_5076.txt
[0, 0, 96, 241, 0.9967126846313477] 
[0.0375, 0.1673611111111111, 0.075, 0.3347222222222222, 0.9967126846313477]
img_5120.txt
[150, 126, 332, 389, 0.9994699358940125] 
[0.18828125, 0.3576388888888889, 0.1421875, 0.36527777777777776, 0.9994699358940125]
img_9626.txt
[935, 52, 1278, 585, 0.9787181615829468] 
[0.864453125, 0.4423611111111111, 0.26796875, 0.7402777777777778, 0.9787181615829468]
img_5123.txt
[137, 131, 332, 407, 0.9978526830673218] 
[0.183203125, 0.3736111111111111, 0.15234375, 0.38333333333333336, 0.9978526830673218]
img_5083.txt
[0, 62, 89, 297, 0.9896077513694763] 
[0.034765625, 0.24930555555555556, 0.06953125, 0.3263888888888889, 0.9896077513694763]
img_5413.txt
[0, 173, 269, 597, 0.9965336322784424] 
[0.105078125, 0.5347222222222222, 0.21015625, 0.5888888888888889, 0.9965336322784424]
img_1255.txt
[810, 282, 1209, 532, 0.9673251509666443] 
[0.788671875, 0.5652777777777778, 0.31171875, 0.3472222222222222, 0.9673251509666443]
img_9624.txt
[870, 20, 1278, 552, 0.9866361021995544] 
[0.8390625, 0.3972222222222222, 0.31875, 0.7388888888888889, 0.9866361021995544]
img_5393.txt
[0, 97, 119, 449, 0.9522658586502075] 
[0.046484375, 0.37916666666666665, 0.09296875, 0.4888888888888889, 0.9522658586502075]
img_5118.txt
[152, 130, 335, 400, 0.9990992546081543] 
[0.190234375, 0.3680555555555556, 0.14296875, 0.375, 0.9990992546081543]
img_9207.txt
[532, 166, 701, 385, 0.9745010137557983] 
[0.481640625, 0.38263888888888886, 0.13203125, 0.30416666666666664, 0.9745010137557983]
img_9616.txt
[817, 0, 1176, 404, 0.9981532692909241] 
[0.778515625, 0.28055555555555556, 0.28046875, 0.5611111111111111, 0.9981532692909241]
img_10519.txt
[1155, 0, 1278, 160, 0.9987930059432983] 
[0.950390625, 0.1111111111111111, 0.09609375, 0.2222222222222222, 0.9987930059432983]
img_2699.txt
[326, 134, 654, 382, 0.9809179306030273] 
[0.3828125, 0.35833333333333334, 0.25625, 0.34444444444444444, 0.9809179306030273]
img_9605.txt
[803, 0, 1115, 330, 0.9980328679084778] 
[0.74921875, 0.22916666666666666, 0.24375, 0.4583333333333333, 0.9980328679084778]
img_9228.txt
[578, 149, 795, 341, 0.9188603758811951] 
[0.536328125, 0.3402777777777778, 0.16953125, 0.26666666666666666, 0.9188603758811951]
img_4881.txt
[279, 0, 572, 310, 0.9989665746688843] 
[0.332421875, 0.2152777777777778, 0.22890625, 0.4305555555555556, 0.9989665746688843]
img_2339.txt
[539, 330, 594, 382, 0.9664354920387268] 
[0.442578125, 0.49444444444444446, 0.04296875, 0.07222222222222222, 0.9664354920387268]
img_5126.txt
[125, 157, 327, 438, 0.9946404099464417] 
[0.1765625, 0.4131944444444444, 0.1578125, 0.3902777777777778, 0.9946404099464417]
img_4884.txt
[198, 29, 497, 435, 0.9959749579429626] 
[0.271484375, 0.32222222222222224, 0.23359375, 0.5638888888888889, 0.9959749579429626]
img_9620.txt
[813, 0, 1213, 469, 0.9952912330627441] 
[0.79140625, 0.32569444444444445, 0.3125, 0.6513888888888889, 0.9952912330627441]
img_10526.txt
[1142, 0, 1278, 175, 0.99857497215271] 
[0.9453125, 0.12152777777777778, 0.10625, 0.24305555555555555, 0.99857497215271]
img_2700.txt
[349, 181, 689, 433, 0.9742562174797058] 
[0.40546875, 0.4263888888888889, 0.265625, 0.35, 0.9742562174797058]
img_10522.txt
[1144, 0, 1278, 174, 0.9989608526229858] 
[0.94609375, 0.12083333333333333, 0.1046875, 0.24166666666666667, 0.9989608526229858]
img_5112.txt
[137, 156, 309, 411, 0.999445378780365] 
[0.17421875, 0.39375, 0.134375, 0.3541666666666667, 0.999445378780365]
img_10280.txt
[1062, 135, 1278, 622, 0.9992819428443909] 
[0.9140625, 0.5256944444444445, 0.16875, 0.6763888888888889, 0.9992819428443909]
img_9610.txt
[823, 0, 1135, 368, 0.997287392616272] 
[0.76484375, 0.25555555555555554, 0.24375, 0.5111111111111111, 0.997287392616272]
img_5124.txt
[130, 138, 329, 418, 0.9974431991577148] 
[0.179296875, 0.3861111111111111, 0.15546875, 0.3888888888888889, 0.9974431991577148]
img_3127.txt
[478, 248, 767, 651, 0.9623324871063232] 
[0.486328125, 0.6243055555555556, 0.22578125, 0.5597222222222222, 0.9623324871063232]
img_7170.txt
[637, 0, 998, 198, 0.998177170753479] 
[0.638671875, 0.1375, 0.28203125, 0.275, 0.998177170753479]
img_5094.txt
[0, 101, 129, 331, 0.999254047870636] 
[0.050390625, 0.3, 0.10078125, 0.3194444444444444, 0.999254047870636]
img_9592.txt
[930, 47, 1208, 395, 0.9986622333526611] 
[0.83515625, 0.30694444444444446, 0.2171875, 0.48333333333333334, 0.9986622333526611]
img_5416.txt
[0, 123, 249, 550, 0.9974672794342041] 
[0.097265625, 0.4673611111111111, 0.19453125, 0.5930555555555556, 0.9974672794342041]
img_5407.txt
[0, 190, 158, 572, 0.9859166741371155] 
[0.06171875, 0.5291666666666667, 0.1234375, 0.5305555555555556, 0.9859166741371155]
img_4858.txt
[0, 0, 112, 197, 0.9474518299102783] 
[0.04375, 0.13680555555555557, 0.0875, 0.27361111111111114, 0.9474518299102783]
img_5082.txt
[0, 53, 90, 294, 0.9940102100372314] 
[0.03515625, 0.24097222222222223, 0.0703125, 0.3347222222222222, 0.9940102100372314]
img_2564.txt
[673, 250, 802, 438, 0.9772417545318604] 
[0.576171875, 0.4777777777777778, 0.10078125, 0.2611111111111111, 0.9772417545318604]
img_5095.txt
[5, 107, 152, 331, 0.998059093952179] 
[0.061328125, 0.30416666666666664, 0.11484375, 0.3111111111111111, 0.998059093952179]
img_7169.txt
[640, 0, 999, 208, 0.9977285265922546] 
[0.640234375, 0.14444444444444443, 0.28046875, 0.28888888888888886, 0.9977285265922546]
img_5105.txt
[85, 138, 243, 384, 0.9980608820915222] 
[0.128125, 0.3625, 0.1234375, 0.3416666666666667, 0.9980608820915222]
img_5119.txt
[149, 130, 333, 391, 0.9995406866073608] 
[0.18828125, 0.36180555555555555, 0.14375, 0.3625, 0.9995406866073608]
img_7173.txt
[630, 0, 984, 193, 0.9972973465919495] 
[0.63046875, 0.13402777777777777, 0.2765625, 0.26805555555555555, 0.9972973465919495]
img_7194.txt
[615, 0, 949, 182, 0.9806488752365112] 
[0.6109375, 0.12638888888888888, 0.2609375, 0.25277777777777777, 0.9806488752365112]
img_9208.txt
[531, 166, 701, 386, 0.970977783203125] 
[0.48125, 0.38333333333333336, 0.1328125, 0.3055555555555556, 0.970977783203125]
img_9597.txt
[795, 0, 1117, 353, 0.9989607334136963] 
[0.746875, 0.24513888888888888, 0.2515625, 0.49027777777777776, 0.9989607334136963]
img_9619.txt
[809, 0, 1200, 451, 0.9976724982261658] 
[0.784765625, 0.31319444444444444, 0.30546875, 0.6263888888888889, 0.9976724982261658]
img_1263.txt
[855, 377, 1271, 617, 0.914620578289032] 
[0.83046875, 0.6902777777777778, 0.325, 0.3333333333333333, 0.914620578289032]
img_9627.txt
[972, 52, 1278, 591, 0.992143988609314] 
[0.87890625, 0.4465277777777778, 0.2390625, 0.7486111111111111, 0.992143988609314]
img_10286.txt
[1043, 162, 1278, 649, 0.9986843466758728] 
[0.906640625, 0.5631944444444444, 0.18359375, 0.6763888888888889, 0.9986843466758728]
img_6694.txt
[392, 457, 750, 719, 0.9139143824577332] 
[0.44609375, 0.8166666666666667, 0.2796875, 0.3638888888888889, 0.9139143824577332]
img_9590.txt
[1046, 95, 1278, 436, 0.9975435137748718] 
[0.9078125, 0.36875, 0.18125, 0.4736111111111111, 0.9975435137748718]
img_5411.txt
[0, 179, 231, 601, 0.9964673519134521] 
[0.090234375, 0.5416666666666666, 0.18046875, 0.5861111111111111, 0.9964673519134521]
img_9595.txt
[821, 0, 1135, 359, 0.9984264373779297] 
[0.7640625, 0.24930555555555556, 0.2453125, 0.4986111111111111, 0.9984264373779297]
img_5421.txt
[0, 0, 253, 357, 0.9964436888694763] 
[0.098828125, 0.24791666666666667, 0.19765625, 0.49583333333333335, 0.9964436888694763]
img_7168.txt
[632, 0, 993, 207, 0.9984526634216309] 
[0.634765625, 0.14375, 0.28203125, 0.2875, 0.9984526634216309]
img_4862.txt
[0, 0, 205, 206, 0.9608501195907593] 
[0.080078125, 0.14305555555555555, 0.16015625, 0.2861111111111111, 0.9608501195907593]
img_5099.txt
[49, 109, 197, 347, 0.996673583984375] 
[0.09609375, 0.31666666666666665, 0.115625, 0.33055555555555555, 0.996673583984375]
img_10284.txt
[1040, 146, 1278, 639, 0.9993736147880554] 
[0.90546875, 0.5451388888888888, 0.1859375, 0.6847222222222222, 0.9993736147880554]
img_5527.txt
[173, 0, 523, 369, 0.9992843270301819] 
[0.271875, 0.25625, 0.2734375, 0.5125, 0.9992843270301819]
img_1258.txt
[821, 293, 1235, 545, 0.9409152865409851] 
[0.803125, 0.5819444444444445, 0.3234375, 0.35, 0.9409152865409851]
img_9618.txt
[817, 0, 1183, 439, 0.9975989460945129] 
[0.78125, 0.30486111111111114, 0.2859375, 0.6097222222222223, 0.9975989460945129]
img_3128.txt
[471, 265, 775, 645, 0.9371906518936157] 
[0.48671875, 0.6319444444444444, 0.2375, 0.5277777777777778, 0.9371906518936157]
img_5106.txt
[93, 137, 253, 388, 0.9989606142044067] 
[0.13515625, 0.3645833333333333, 0.125, 0.3486111111111111, 0.9989606142044067]
img_3006.txt
[977, 371, 1135, 530, 0.9135211706161499] 
[0.825, 0.6256944444444444, 0.1234375, 0.22083333333333333, 0.9135211706161499]
img_5417.txt
[0, 104, 262, 526, 0.9967374205589294] 
[0.10234375, 0.4375, 0.2046875, 0.5861111111111111, 0.9967374205589294]
img_1933.txt
[1034, 243, 1060, 271, 0.947178840637207] 
[0.81796875, 0.35694444444444445, 0.0203125, 0.03888888888888889, 0.947178840637207]
img_10531.txt
[1173, 0, 1278, 184, 0.9983174800872803] 
[0.957421875, 0.12777777777777777, 0.08203125, 0.25555555555555554, 0.9983174800872803]
img_400.txt
[760, 285, 854, 400, 0.9184924364089966] 
[0.63046875, 0.4756944444444444, 0.0734375, 0.1597222222222222, 0.9184924364089966]
img_9600.txt
[787, 0, 1106, 347, 0.9990471005439758] 
[0.739453125, 0.24097222222222223, 0.24921875, 0.48194444444444445, 0.9990471005439758]
img_5408.txt
[0, 190, 163, 578, 0.991465151309967] 
[0.063671875, 0.5333333333333333, 0.12734375, 0.5388888888888889, 0.991465151309967]
img_5404.txt
[0, 161, 135, 524, 0.9861469864845276] 
[0.052734375, 0.4756944444444444, 0.10546875, 0.5041666666666667, 0.9861469864845276]
img_5418.txt
[0, 77, 255, 499, 0.9969043135643005] 
[0.099609375, 0.4, 0.19921875, 0.5861111111111111, 0.9969043135643005]
img_9615.txt
[820, 0, 1164, 394, 0.9985567927360535] 
[0.775, 0.27361111111111114, 0.26875, 0.5472222222222223, 0.9985567927360535]
img_2283.txt
[545, 123, 604, 177, 0.9070528745651245] 
[0.448828125, 0.20833333333333334, 0.04609375, 0.075, 0.9070528745651245]
img_5422.txt
[0, 0, 252, 357, 0.9966260194778442] 
[0.0984375, 0.24791666666666667, 0.196875, 0.49583333333333335, 0.9966260194778442]
img_9206.txt
[475, 214, 698, 395, 0.9239092469215393] 
[0.458203125, 0.42291666666666666, 0.17421875, 0.2513888888888889, 0.9239092469215393]
img_4879.txt
[270, 0, 563, 259, 0.9986082911491394] 
[0.325390625, 0.1798611111111111, 0.22890625, 0.3597222222222222, 0.9986082911491394]
img_5414.txt
[0, 148, 265, 583, 0.9949945211410522] 
[0.103515625, 0.5076388888888889, 0.20703125, 0.6041666666666666, 0.9949945211410522]
img_5081.txt
[0, 48, 92, 287, 0.995299220085144] 
[0.0359375, 0.2326388888888889, 0.071875, 0.33194444444444443, 0.995299220085144]
img_2706.txt
[437, 468, 666, 693, 0.9385530352592468] 
[0.430859375, 0.80625, 0.17890625, 0.3125, 0.9385530352592468]
img_2348.txt
[152, 456, 317, 629, 0.9938713312149048] 
[0.183203125, 0.7534722222222222, 0.12890625, 0.24027777777777778, 0.9938713312149048]
img_9370.txt
[840, 555, 923, 644, 0.9236736297607422] 
[0.688671875, 0.8326388888888889, 0.06484375, 0.12361111111111112, 0.9236736297607422]
img_7165.txt
[590, 0, 965, 200, 0.9977042078971863] 
[0.607421875, 0.1388888888888889, 0.29296875, 0.2777777777777778, 0.9977042078971863]
img_10529.txt
[1158, 0, 1278, 180, 0.9990481734275818] 
[0.9515625, 0.125, 0.09375, 0.25, 0.9990481734275818]
img_5409.txt
[0, 197, 200, 588, 0.9915681481361389] 
[0.078125, 0.5451388888888888, 0.15625, 0.5430555555555555, 0.9915681481361389]
img_5528.txt
[161, 0, 500, 394, 0.9992536902427673] 
[0.258203125, 0.27361111111111114, 0.26484375, 0.5472222222222223, 0.9992536902427673]
img_5117.txt
[149, 139, 332, 407, 0.9993699193000793] 
[0.187890625, 0.37916666666666665, 0.14296875, 0.37222222222222223, 0.9993699193000793]
img_9621.txt
[817, 0, 1217, 478, 0.9943709969520569] 
[0.79453125, 0.33194444444444443, 0.3125, 0.6638888888888889, 0.9943709969520569]
img_9606.txt
[809, 0, 1116, 327, 0.9979373216629028] 
[0.751953125, 0.22708333333333333, 0.23984375, 0.45416666666666666, 0.9979373216629028]
img_10524.txt
[1141, 0, 1278, 177, 0.9994034767150879] 
[0.944921875, 0.12291666666666666, 0.10703125, 0.24583333333333332, 0.9994034767150879]
img_9625.txt
[884, 34, 1278, 582, 0.9900752902030945] 
[0.84453125, 0.42777777777777776, 0.3078125, 0.7611111111111111, 0.9900752902030945]
img_10815.txt
[307, 0, 436, 102, 0.994950532913208] 
[0.290234375, 0.07083333333333333, 0.10078125, 0.14166666666666666, 0.994950532913208]
img_7190.txt
[584, 0, 940, 196, 0.9918259382247925] 
[0.5953125, 0.1361111111111111, 0.278125, 0.2722222222222222, 0.9918259382247925]
img_5098.txt
[37, 101, 192, 339, 0.9973674416542053] 
[0.089453125, 0.3055555555555556, 0.12109375, 0.33055555555555555, 0.9973674416542053]
img_9594.txt
[846, 0, 1152, 370, 0.9985982775688171] 
[0.78046875, 0.2569444444444444, 0.2390625, 0.5138888888888888, 0.9985982775688171]
img_10816.txt
[307, 0, 439, 103, 0.9961951971054077] 
[0.29140625, 0.07152777777777777, 0.103125, 0.14305555555555555, 0.9961951971054077]
img_5113.txt
[142, 155, 312, 410, 0.9992407560348511] 
[0.17734375, 0.3923611111111111, 0.1328125, 0.3541666666666667, 0.9992407560348511]
img_10523.txt
[1141, 0, 1278, 177, 0.9991798996925354] 
[0.944921875, 0.12291666666666666, 0.10703125, 0.24583333333333332, 0.9991798996925354]
img_4869.txt
[208, 0, 477, 260, 0.997239351272583] 
[0.267578125, 0.18055555555555555, 0.21015625, 0.3611111111111111, 0.997239351272583]
img_5392.txt
[0, 96, 123, 453, 0.9247667193412781] 
[0.048046875, 0.38125, 0.09609375, 0.49583333333333335, 0.9247667193412781]
img_5522.txt
[359, 0, 664, 191, 0.9936538934707642] 
[0.399609375, 0.1326388888888889, 0.23828125, 0.2652777777777778, 0.9936538934707642]
img_3005.txt
[960, 400, 1162, 573, 0.9950879216194153] 
[0.82890625, 0.6756944444444445, 0.1578125, 0.24027777777777778, 0.9950879216194153]
img_2313.txt
[569, 252, 629, 303, 0.9783127307891846] 
[0.46796875, 0.3854166666666667, 0.046875, 0.07083333333333333, 0.9783127307891846]
img_2561.txt
[575, 236, 658, 368, 0.9384201169013977] 
[0.481640625, 0.41944444444444445, 0.06484375, 0.18333333333333332, 0.9384201169013977]
img_3015.txt
[632, 560, 828, 719, 0.9913170337677002] 
[0.5703125, 0.8881944444444444, 0.153125, 0.22083333333333333, 0.9913170337677002]
img_405.txt
[809, 466, 884, 559, 0.9225091338157654] 
[0.661328125, 0.7118055555555556, 0.05859375, 0.12916666666666668, 0.9225091338157654]
img_5104.txt
[78, 136, 234, 380, 0.9983847141265869] 
[0.121875, 0.35833333333333334, 0.121875, 0.3388888888888889, 0.9983847141265869]
img_10818.txt
[333, 0, 454, 113, 0.9989733695983887] 
[0.307421875, 0.07847222222222222, 0.09453125, 0.15694444444444444, 0.9989733695983887]
img_2697.txt
[369, 164, 670, 452, 0.9901004433631897] 
[0.405859375, 0.42777777777777776, 0.23515625, 0.4, 0.9901004433631897]
img_2344.txt
[507, 318, 560, 369, 0.9913640022277832] 
[0.416796875, 0.47708333333333336, 0.04140625, 0.07083333333333333, 0.9913640022277832]
img_9602.txt
[781, 0, 1114, 338, 0.9989879727363586] 
[0.740234375, 0.23472222222222222, 0.26015625, 0.46944444444444444, 0.9989879727363586]
img_5391.txt
[0, 109, 122, 456, 0.9064064621925354] 
[0.04765625, 0.3923611111111111, 0.0953125, 0.48194444444444445, 0.9064064621925354]
img_5114.txt
[144, 152, 314, 411, 0.9992368221282959] 
[0.17890625, 0.3909722222222222, 0.1328125, 0.3597222222222222, 0.9992368221282959]
img_8143.txt
[284, 417, 463, 588, 0.9033368229866028] 
[0.291796875, 0.6979166666666666, 0.13984375, 0.2375, 0.9033368229866028]
img_5531.txt
[82, 0, 408, 399, 0.9990052580833435] 
[0.19140625, 0.27708333333333335, 0.2546875, 0.5541666666666667, 0.9990052580833435]
img_5101.txt
[68, 123, 219, 363, 0.9984481334686279] 
[0.112109375, 0.3375, 0.11796875, 0.3333333333333333, 0.9984481334686279]
img_4873.txt
[215, 0, 497, 251, 0.9986224174499512] 
[0.278125, 0.17430555555555555, 0.2203125, 0.3486111111111111, 0.9986224174499512]
img_5143.txt
[0, 0, 158, 222, 0.9734011888504028] 
[0.06171875, 0.15416666666666667, 0.1234375, 0.30833333333333335, 0.9734011888504028]
img_9589.txt
[1101, 123, 1278, 463, 0.988146960735321] 
[0.929296875, 0.40694444444444444, 0.13828125, 0.4722222222222222, 0.988146960735321]
img_10817.txt
[319, 0, 447, 110, 0.9976061582565308] 
[0.29921875, 0.0763888888888889, 0.1, 0.1527777777777778, 0.9976061582565308]
img_10511.txt
[1200, 0, 1278, 141, 0.9411625266075134] 
[0.96796875, 0.09791666666666667, 0.0609375, 0.19583333333333333, 0.9411625266075134]
img_5394.txt
[0, 99, 121, 446, 0.9560255408287048] 
[0.047265625, 0.3784722222222222, 0.09453125, 0.48194444444444445, 0.9560255408287048]
img_9591.txt
[984, 69, 1242, 411, 0.9982461929321289] 
[0.86953125, 0.3333333333333333, 0.2015625, 0.475, 0.9982461929321289]
img_10289.txt
[1123, 143, 1278, 634, 0.9828962683677673] 
[0.937890625, 0.5395833333333333, 0.12109375, 0.6819444444444445, 0.9828962683677673]
img_7193.txt
[599, 0, 970, 188, 0.9927270412445068] 
[0.612890625, 0.13055555555555556, 0.28984375, 0.2611111111111111, 0.9927270412445068]
img_9604.txt
[791, 0, 1113, 331, 0.9986923336982727] 
[0.74375, 0.2298611111111111, 0.2515625, 0.4597222222222222, 0.9986923336982727]
img_5137.txt
[200, 32, 469, 388, 0.999273955821991] 
[0.261328125, 0.2916666666666667, 0.21015625, 0.49444444444444446, 0.999273955821991]
img_5412.txt
[0, 188, 262, 605, 0.9968109726905823] 
[0.10234375, 0.5506944444444445, 0.2046875, 0.5791666666666667, 0.9968109726905823]
img_2701.txt
[386, 233, 696, 497, 0.9352335333824158] 
[0.42265625, 0.5069444444444444, 0.2421875, 0.36666666666666664, 0.9352335333824158]
img_4860.txt
[0, 0, 179, 195, 0.9683917164802551] 
[0.069921875, 0.13541666666666666, 0.13984375, 0.2708333333333333, 0.9683917164802551]
img_6090.txt
[1020, 262, 1054, 302, 0.9381814002990723] 
[0.81015625, 0.39166666666666666, 0.0265625, 0.05555555555555555, 0.9381814002990723]
img_10528.txt
[1152, 0, 1278, 181, 0.9985342025756836] 
[0.94921875, 0.12569444444444444, 0.0984375, 0.2513888888888889, 0.9985342025756836]
img_5142.txt
[0, 0, 226, 246, 0.9923132061958313] 
[0.08828125, 0.17083333333333334, 0.1765625, 0.3416666666666667, 0.9923132061958313]
img_5523.txt
[330, 0, 663, 228, 0.9975022673606873] 
[0.387890625, 0.15833333333333333, 0.26015625, 0.31666666666666665, 0.9975022673606873]
img_10525.txt
[1142, 0, 1278, 175, 0.9992765784263611] 
[0.9453125, 0.12152777777777778, 0.10625, 0.24305555555555555, 0.9992765784263611]
img_7188.txt
[569, 0, 912, 186, 0.9548428058624268] 
[0.578515625, 0.12916666666666668, 0.26796875, 0.25833333333333336, 0.9548428058624268]
img_4878.txt
[256, 0, 549, 241, 0.9990678429603577] 
[0.314453125, 0.1673611111111111, 0.22890625, 0.3347222222222222, 0.9990678429603577]
img_7164.txt
[561, 0, 930, 206, 0.9945870637893677] 
[0.582421875, 0.14305555555555555, 0.28828125, 0.2861111111111111, 0.9945870637893677]
img_5080.txt
[0, 29, 97, 276, 0.9977498650550842] 
[0.037890625, 0.21180555555555555, 0.07578125, 0.34305555555555556, 0.9977498650550842]
img_5403.txt
[0, 158, 126, 512, 0.949152946472168] 
[0.04921875, 0.4652777777777778, 0.0984375, 0.49166666666666664, 0.949152946472168]
img_10282.txt
[1037, 133, 1278, 635, 0.9988445043563843] 
[0.904296875, 0.5333333333333333, 0.18828125, 0.6972222222222222, 0.9988445043563843]
img_2340.txt
[534, 331, 586, 382, 0.9521708488464355] 
[0.4375, 0.4951388888888889, 0.040625, 0.07083333333333333, 0.9521708488464355]
img_7160.txt
[511, 0, 904, 203, 0.9930763244628906] 
[0.552734375, 0.14097222222222222, 0.30703125, 0.28194444444444444, 0.9930763244628906]
img_10516.txt
[1165, 0, 1278, 155, 0.9953578114509583] 
[0.954296875, 0.1076388888888889, 0.08828125, 0.2152777777777778, 0.9953578114509583]
img_7192.txt
[596, 0, 951, 194, 0.9939050078392029] 
[0.604296875, 0.13472222222222222, 0.27734375, 0.26944444444444443, 0.9939050078392029]
img_10515.txt
[1171, 0, 1278, 157, 0.993584930896759] 
[0.956640625, 0.10902777777777778, 0.08359375, 0.21805555555555556, 0.993584930896759]
img_228.txt
[697, 0, 751, 43, 0.9024943113327026] 
[0.565625, 0.029861111111111113, 0.0421875, 0.059722222222222225, 0.9024943113327026]
img_10520.txt
[1155, 0, 1278, 171, 0.9985163807868958] 
[0.950390625, 0.11875, 0.09609375, 0.2375, 0.9985163807868958]
img_7098.txt
[507, 0, 885, 170, 0.9541873931884766] 
[0.54375, 0.11805555555555555, 0.2953125, 0.2361111111111111, 0.9541873931884766]
img_10287.txt
[1080, 161, 1278, 640, 0.9981639981269836] 
[0.92109375, 0.55625, 0.1546875, 0.6652777777777777, 0.9981639981269836]
img_7174.txt
[632, 0, 983, 188, 0.9946038126945496] 
[0.630859375, 0.13055555555555556, 0.27421875, 0.2611111111111111, 0.9946038126945496]
img_2275.txt
[560, 90, 619, 141, 0.9321461915969849] 
[0.460546875, 0.16041666666666668, 0.04609375, 0.07083333333333333, 0.9321461915969849]
img_5529.txt
[127, 0, 463, 405, 0.9988462924957275] 
[0.23046875, 0.28125, 0.2625, 0.5625, 0.9988462924957275]
img_5128.txt
[131, 131, 363, 465, 0.9958822727203369] 
[0.19296875, 0.41388888888888886, 0.18125, 0.4638888888888889, 0.9958822727203369]
img_10530.txt
[1174, 0, 1278, 184, 0.9981887936592102] 
[0.9578125, 0.12777777777777777, 0.08125, 0.25555555555555554, 0.9981887936592102]
img_4859.txt
[0, 0, 138, 192, 0.9594302773475647] 
[0.05390625, 0.13333333333333333, 0.1078125, 0.26666666666666666, 0.9594302773475647]
img_9623.txt
[846, 0, 1267, 512, 0.9910563230514526] 
[0.825390625, 0.35555555555555557, 0.32890625, 0.7111111111111111, 0.9910563230514526]
img_10288.txt
[1097, 160, 1278, 646, 0.9842807054519653] 
[0.927734375, 0.5597222222222222, 0.14140625, 0.675, 0.9842807054519653]
img_10514.txt
[1175, 0, 1278, 157, 0.9826241135597229] 
[0.958203125, 0.10902777777777778, 0.08046875, 0.21805555555555556, 0.9826241135597229]
img_10512.txt
[1186, 0, 1278, 150, 0.9749894142150879] 
[0.9625, 0.10416666666666667, 0.071875, 0.20833333333333334, 0.9749894142150879]
img_5102.txt
[70, 119, 226, 372, 0.9981644749641418] 
[0.115625, 0.34097222222222223, 0.121875, 0.35138888888888886, 0.9981644749641418]
img_5524.txt
[273, 0, 612, 267, 0.9981440305709839] 
[0.345703125, 0.18541666666666667, 0.26484375, 0.37083333333333335, 0.9981440305709839]
img_5115.txt
[147, 152, 319, 411, 0.9994507431983948] 
[0.18203125, 0.3909722222222222, 0.134375, 0.3597222222222222, 0.9994507431983948]
img_1257.txt
[821, 292, 1236, 544, 0.9432411789894104] 
[0.803515625, 0.5805555555555556, 0.32421875, 0.35, 0.9432411789894104]
img_5533.txt
[0, 0, 301, 386, 0.9990112781524658] 
[0.117578125, 0.26805555555555555, 0.23515625, 0.5361111111111111, 0.9990112781524658]
img_5423.txt
[0, 0, 251, 339, 0.9876932501792908] 
[0.098046875, 0.23541666666666666, 0.19609375, 0.4708333333333333, 0.9876932501792908]
img_10814.txt
[308, 0, 439, 98, 0.9862561821937561] 
[0.291796875, 0.06805555555555555, 0.10234375, 0.1361111111111111, 0.9862561821937561]
img_5093.txt
[0, 99, 113, 328, 0.9981874823570251] 
[0.044140625, 0.2965277777777778, 0.08828125, 0.31805555555555554, 0.9981874823570251]
img_10279.txt
[1085, 163, 1278, 629, 0.9988620281219482] 
[0.923046875, 0.55, 0.15078125, 0.6472222222222223, 0.9988620281219482]
img_10813.txt
[318, 0, 442, 90, 0.943747878074646] 
[0.296875, 0.0625, 0.096875, 0.125, 0.943747878074646]
img_4861.txt
[0, 0, 188, 192, 0.9555151462554932] 
[0.0734375, 0.13333333333333333, 0.146875, 0.26666666666666666, 0.9555151462554932]
img_5534.txt
[0, 18, 232, 389, 0.998950183391571] 
[0.090625, 0.2826388888888889, 0.18125, 0.5152777777777777, 0.998950183391571]
img_2710.txt
[522, 519, 865, 719, 0.9304829239845276] 
[0.541796875, 0.8597222222222223, 0.26796875, 0.2777777777777778, 0.9304829239845276]
img_5108.txt
[113, 146, 276, 398, 0.9990191459655762] 
[0.151953125, 0.37777777777777777, 0.12734375, 0.35, 0.9990191459655762]
img_9599.txt
[790, 0, 1110, 350, 0.9987955093383789] 
[0.7421875, 0.24305555555555555, 0.25, 0.4861111111111111, 0.9987955093383789]
img_3009.txt
[1003, 354, 1138, 528, 0.9131929874420166] 
[0.836328125, 0.6125, 0.10546875, 0.24166666666666667, 0.9131929874420166]
img_1256.txt
[830, 280, 1214, 535, 0.94266277551651] 
[0.7984375, 0.5659722222222222, 0.3, 0.3541666666666667, 0.94266277551651]
img_4880.txt
[263, 0, 568, 291, 0.9984937906265259] 
[0.324609375, 0.20208333333333334, 0.23828125, 0.4041666666666667, 0.9984937906265259]
img_5397.txt
[0, 104, 119, 458, 0.9276660680770874] 
[0.046484375, 0.3902777777777778, 0.09296875, 0.49166666666666664, 0.9276660680770874]
img_5395.txt
[0, 101, 122, 450, 0.9540607929229736] 
[0.04765625, 0.38263888888888886, 0.0953125, 0.4847222222222222, 0.9540607929229736]
img_4866.txt
[123, 0, 371, 248, 0.9962453246116638] 
[0.19296875, 0.17222222222222222, 0.19375, 0.34444444444444444, 0.9962453246116638]
img_2698.txt
[319, 126, 631, 385, 0.9582027196884155] 
[0.37109375, 0.3548611111111111, 0.24375, 0.3597222222222222, 0.9582027196884155]
img_4870.txt
[221, 0, 487, 269, 0.9980454444885254] 
[0.2765625, 0.18680555555555556, 0.2078125, 0.3736111111111111, 0.9980454444885254]
img_5134.txt
[233, 94, 498, 446, 0.9991806149482727] 
[0.285546875, 0.375, 0.20703125, 0.4888888888888889, 0.9991806149482727]
img_4875.txt
[221, 0, 510, 231, 0.9991359114646912] 
[0.285546875, 0.16041666666666668, 0.22578125, 0.32083333333333336, 0.9991359114646912]
img_2703.txt
[462, 365, 672, 607, 0.9511922001838684] 
[0.44296875, 0.675, 0.1640625, 0.33611111111111114, 0.9511922001838684]
img_5525.txt
[263, 0, 593, 298, 0.9982568621635437] 
[0.334375, 0.20694444444444443, 0.2578125, 0.41388888888888886, 0.9982568621635437]
img_5399.txt
[0, 117, 116, 474, 0.92148756980896] 
[0.0453125, 0.41041666666666665, 0.090625, 0.49583333333333335, 0.92148756980896]
img_7920.txt
[529, 635, 629, 719, 0.9135050177574158] 
[0.45234375, 0.9402777777777778, 0.078125, 0.11666666666666667, 0.9135050177574158]
img_9628.txt
[1057, 50, 1278, 606, 0.9702549576759338] 
[0.912109375, 0.45555555555555555, 0.17265625, 0.7722222222222223, 0.9702549576759338]
img_7166.txt
[602, 0, 972, 210, 0.9979222416877747] 
[0.61484375, 0.14583333333333334, 0.2890625, 0.2916666666666667, 0.9979222416877747]
img_5085.txt
[0, 86, 78, 312, 0.936217188835144] 
[0.03046875, 0.2763888888888889, 0.0609375, 0.3138888888888889, 0.936217188835144]
img_1936.txt
[1069, 257, 1094, 285, 0.9325242638587952] 
[0.844921875, 0.3763888888888889, 0.01953125, 0.03888888888888889, 0.9325242638587952]
img_4865.txt
[88, 0, 319, 237, 0.9944615960121155] 
[0.158984375, 0.16458333333333333, 0.18046875, 0.32916666666666666, 0.9944615960121155]
img_7162.txt
[525, 0, 921, 209, 0.9955529570579529] 
[0.56484375, 0.1451388888888889, 0.309375, 0.2902777777777778, 0.9955529570579529]
img_2349.txt
[460, 310, 509, 357, 0.9373789429664612] 
[0.378515625, 0.46319444444444446, 0.03828125, 0.06527777777777778, 0.9373789429664612]
img_7100.txt
[488, 0, 863, 170, 0.9024378061294556] 
[0.527734375, 0.11805555555555555, 0.29296875, 0.2361111111111111, 0.9024378061294556]
img_7172.txt
[618, 0, 1002, 187, 0.9974684715270996] 
[0.6328125, 0.12986111111111112, 0.3, 0.25972222222222224, 0.9974684715270996]
img_9603.txt
[786, 0, 1113, 336, 0.9989295601844788] 
[0.741796875, 0.23333333333333334, 0.25546875, 0.4666666666666667, 0.9989295601844788]
img_5111.txt
[136, 157, 304, 409, 0.9993913173675537] 
[0.171875, 0.39305555555555555, 0.13125, 0.35, 0.9993913173675537]
img_3013.txt
[795, 503, 975, 651, 0.995864987373352] 
[0.69140625, 0.8013888888888889, 0.140625, 0.20555555555555555, 0.995864987373352]
img_7922.txt
[559, 605, 657, 706, 0.981393575668335] 
[0.475, 0.9104166666666667, 0.0765625, 0.14027777777777778, 0.981393575668335]
img_7099.txt
[499, 0, 877, 168, 0.9248035550117493] 
[0.5375, 0.11666666666666667, 0.2953125, 0.23333333333333334, 0.9248035550117493]
img_7928.txt
[353, 31, 549, 266, 0.9574073553085327] 
[0.35234375, 0.20625, 0.153125, 0.3263888888888889, 0.9574073553085327]
img_10312.txt
[570, 342, 869, 719, 0.9398791193962097] 
[0.562109375, 0.7368055555555556, 0.23359375, 0.5236111111111111, 0.9398791193962097]
img_6098.txt
[992, 254, 1025, 294, 0.9277780055999756] 
[0.787890625, 0.38055555555555554, 0.02578125, 0.05555555555555555, 0.9277780055999756]
img_5532.txt
[46, 0, 377, 401, 0.9991506338119507] 
[0.165234375, 0.27847222222222223, 0.25859375, 0.5569444444444445, 0.9991506338119507]
img_4876.txt
[238, 0, 521, 228, 0.9988042116165161] 
[0.296484375, 0.15833333333333333, 0.22109375, 0.31666666666666665, 0.9988042116165161]
img_9601.txt
[785, 0, 1111, 342, 0.9989110231399536] 
[0.740625, 0.2375, 0.2546875, 0.475, 0.9989110231399536]
img_5109.txt
[122, 147, 290, 402, 0.9991732239723206] 
[0.1609375, 0.38125, 0.13125, 0.3541666666666667, 0.9991732239723206]
img_5398.txt
[0, 119, 122, 465, 0.9265229105949402] 
[0.04765625, 0.40555555555555556, 0.0953125, 0.48055555555555557, 0.9265229105949402]
img_5419.txt
[0, 51, 234, 462, 0.9943045973777771] 
[0.09140625, 0.35625, 0.1828125, 0.5708333333333333, 0.9943045973777771]
img_9612.txt
[826, 0, 1148, 370, 0.998230516910553] 
[0.77109375, 0.2569444444444444, 0.2515625, 0.5138888888888888, 0.998230516910553]
img_5127.txt
[124, 131, 350, 458, 0.9936131834983826] 
[0.18515625, 0.40902777777777777, 0.1765625, 0.45416666666666666, 0.9936131834983826]
img_5141.txt
[45, 0, 299, 259, 0.9939957857131958] 
[0.134375, 0.1798611111111111, 0.1984375, 0.3597222222222222, 0.9939957857131958]
img_2705.txt
[436, 439, 657, 661, 0.9746613502502441] 
[0.426953125, 0.7638888888888888, 0.17265625, 0.30833333333333335, 0.9746613502502441]
img_5405.txt
[0, 180, 140, 540, 0.9688377380371094] 
[0.0546875, 0.5, 0.109375, 0.5, 0.9688377380371094]
img_10277.txt
[1124, 208, 1278, 616, 0.966748833656311] 
[0.93828125, 0.5722222222222222, 0.1203125, 0.5666666666666667, 0.966748833656311]
img_3016.txt
[563, 595, 757, 719, 0.9229546189308167] 
[0.515625, 0.9125, 0.1515625, 0.17222222222222222, 0.9229546189308167]
img_9598.txt
[790, 0, 1116, 350, 0.9988865256309509] 
[0.74453125, 0.24305555555555555, 0.2546875, 0.4861111111111111, 0.9988865256309509]
img_9593.txt
[878, 13, 1175, 382, 0.9986429810523987] 
[0.801953125, 0.2743055555555556, 0.23203125, 0.5125, 0.9986429810523987]
img_2341.txt
[525, 329, 579, 381, 0.9901003241539001] 
[0.43125, 0.4930555555555556, 0.0421875, 0.07222222222222222, 0.9901003241539001]
img_5139.txt
[107, 0, 390, 313, 0.9991132616996765] 
[0.194140625, 0.21736111111111112, 0.22109375, 0.43472222222222223, 0.9991132616996765]
img_2702.txt
[416, 285, 715, 565, 0.9619890451431274] 
[0.441796875, 0.5902777777777778, 0.23359375, 0.3888888888888889, 0.9619890451431274]
img_2343.txt
[512, 322, 564, 370, 0.9211525321006775] 
[0.4203125, 0.48055555555555557, 0.040625, 0.06666666666666667, 0.9211525321006775]
img_2709.txt
[559, 546, 772, 719, 0.9512745141983032] 
[0.519921875, 0.8784722222222222, 0.16640625, 0.24027777777777778, 0.9512745141983032]
img_5530.txt
[105, 0, 443, 410, 0.999208390712738] 
[0.2140625, 0.2847222222222222, 0.2640625, 0.5694444444444444, 0.999208390712738]
img_5130.txt
[135, 142, 385, 465, 0.9981350898742676] 
[0.203125, 0.4215277777777778, 0.1953125, 0.4486111111111111, 0.9981350898742676]
img_5084.txt
[0, 70, 82, 308, 0.9809746146202087] 
[0.03203125, 0.2625, 0.0640625, 0.33055555555555555, 0.9809746146202087]
img_4863.txt
[7, 0, 232, 222, 0.9876818060874939] 
[0.093359375, 0.15416666666666667, 0.17578125, 0.30833333333333335, 0.9876818060874939]
img_1254.txt
[797, 300, 1212, 536, 0.9630935192108154] 
[0.784765625, 0.5805555555555556, 0.32421875, 0.3277777777777778, 0.9630935192108154]
img_9614.txt
[824, 0, 1154, 381, 0.9991140961647034] 
[0.77265625, 0.26458333333333334, 0.2578125, 0.5291666666666667, 0.9991140961647034]
img_5396.txt
[0, 103, 124, 454, 0.9675595760345459] 
[0.0484375, 0.38680555555555557, 0.096875, 0.4875, 0.9675595760345459]
img_4874.txt
[223, 0, 499, 239, 0.9985779523849487] 
[0.28203125, 0.16597222222222222, 0.215625, 0.33194444444444443, 0.9985779523849487]
img_7167.txt
[610, 0, 982, 202, 0.9985038042068481] 
[0.621875, 0.14027777777777778, 0.290625, 0.28055555555555556, 0.9985038042068481]
img_7923.txt
[575, 590, 669, 692, 0.9929431080818176] 
[0.4859375, 0.8902777777777777, 0.0734375, 0.14166666666666666, 0.9929431080818176]
img_1059.txt
[539, 247, 908, 671, 0.942854642868042] 
[0.565234375, 0.6375, 0.28828125, 0.5888888888888889, 0.942854642868042]
img_7189.txt
[570, 0, 929, 194, 0.9851594567298889] 
[0.585546875, 0.13472222222222222, 0.28046875, 0.26944444444444443, 0.9851594567298889]
img_5125.txt
[128, 147, 325, 426, 0.9944179058074951] 
[0.176953125, 0.39791666666666664, 0.15390625, 0.3875, 0.9944179058074951]
img_9596.txt
[805, 0, 1124, 358, 0.9988670349121094] 
[0.753515625, 0.24861111111111112, 0.24921875, 0.49722222222222223, 0.9988670349121094]
img_5133.txt
[211, 109, 480, 460, 0.9992285966873169] 
[0.269921875, 0.3951388888888889, 0.21015625, 0.4875, 0.9992285966873169]
img_4882.txt
[274, 0, 568, 348, 0.9989888072013855] 
[0.32890625, 0.24166666666666667, 0.2296875, 0.48333333333333334, 0.9989888072013855]
img_5410.txt
[0, 189, 203, 601, 0.9956129789352417] 
[0.079296875, 0.5486111111111112, 0.15859375, 0.5722222222222222, 0.9956129789352417]
img_5092.txt
[0, 105, 93, 328, 0.992639422416687] 
[0.036328125, 0.30069444444444443, 0.07265625, 0.30972222222222223, 0.992639422416687]
img_1620.txt
[420, 443, 853, 658, 0.9083832502365112] 
[0.497265625, 0.7645833333333333, 0.33828125, 0.2986111111111111, 0.9083832502365112]
img_5103.txt
[71, 133, 230, 377, 0.9978882670402527] 
[0.117578125, 0.3541666666666667, 0.12421875, 0.3388888888888889, 0.9978882670402527]
img_2708.txt
[522, 540, 744, 719, 0.9409833550453186] 
[0.49453125, 0.8743055555555556, 0.1734375, 0.24861111111111112, 0.9409833550453186]
img_5406.txt
[0, 185, 139, 553, 0.9846532940864563] 
[0.054296875, 0.5125, 0.10859375, 0.5111111111111111, 0.9846532940864563]
img_6900.txt
[1087, 0, 1181, 101, 0.9474065899848938] 
[0.8859375, 0.07013888888888889, 0.0734375, 0.14027777777777778, 0.9474065899848938]
img_9613.txt
[827, 0, 1148, 376, 0.9986597299575806] 
[0.771484375, 0.2611111111111111, 0.25078125, 0.5222222222222223, 0.9986597299575806]
img_2704.txt
[444, 418, 663, 642, 0.9795204401016235] 
[0.432421875, 0.7361111111111112, 0.17109375, 0.3111111111111111, 0.9795204401016235]
img_10527.txt
[1147, 0, 1278, 174, 0.9989349246025085] 
[0.947265625, 0.12083333333333333, 0.10234375, 0.24166666666666667, 0.9989349246025085]
img_5420.txt
[0, 6, 255, 417, 0.9963071346282959] 
[0.099609375, 0.29375, 0.19921875, 0.5708333333333333, 0.9963071346282959]
img_7175.txt
[620, 0, 956, 173, 0.9668789505958557] 
[0.615625, 0.12013888888888889, 0.2625, 0.24027777777777778, 0.9668789505958557]
img_9622.txt
[823, 0, 1236, 492, 0.9914167523384094] 
[0.804296875, 0.3416666666666667, 0.32265625, 0.6833333333333333, 0.9914167523384094]
img_2707.txt
[473, 507, 702, 719, 0.9719396233558655] 
[0.458984375, 0.8513888888888889, 0.17890625, 0.29444444444444445, 0.9719396233558655]
img_5424.txt
[0, 0, 254, 259, 0.9950721859931946] 
[0.09921875, 0.1798611111111111, 0.1984375, 0.3597222222222222, 0.9950721859931946]
img_2316.txt
[556, 239, 614, 292, 0.9412057399749756] 
[0.45703125, 0.36875, 0.0453125, 0.07361111111111111, 0.9412057399749756]
img_9609.txt
[833, 0, 1140, 346, 0.99733966588974] 
[0.770703125, 0.24027777777777778, 0.23984375, 0.48055555555555557, 0.99733966588974]
img_5537.txt
[0, 33, 121, 400, 0.9228227138519287] 
[0.047265625, 0.30069444444444443, 0.09453125, 0.5097222222222222, 0.9228227138519287]
img_4871.txt
[223, 0, 497, 263, 0.9985067248344421] 
[0.28125, 0.18263888888888888, 0.2140625, 0.36527777777777776, 0.9985067248344421]
img_7097.txt
[514, 0, 889, 170, 0.9261950850486755] 
[0.548046875, 0.11805555555555555, 0.29296875, 0.2361111111111111, 0.9261950850486755]
img_6896.txt
[1006, 0, 1102, 99, 0.9056470990180969] 
[0.8234375, 0.06875, 0.075, 0.1375, 0.9056470990180969]
img_5077.txt
[0, 4, 100, 248, 0.9966045618057251] 
[0.0390625, 0.175, 0.078125, 0.3388888888888889, 0.9966045618057251]
img_4883.txt
[247, 0, 552, 396, 0.9986770749092102] 
[0.312109375, 0.275, 0.23828125, 0.55, 0.9986770749092102]
