img_5086.txt
[0, 79, 79, 311, 0.9001645445823669] 
[0.15234375, 0.16395821906626223, 0.18125, 0.10847199368808004, 0.9001645445823669]
img_5401.txt
[0, 127, 119, 494, 0.9260057210922241] 
[0.242578125, 0.2472736071381304, 0.28671875, 0.16399165872070526, 0.9260057210922241]
img_5121.txt
[146, 120, 332, 391, 0.9989665746688843] 
[0.199609375, 0.6909729398787021, 0.21171875, 0.45972365753518213, 0.9989665746688843]
img_5100.txt
[58, 118, 211, 356, 0.9964014291763306] 
[0.18515625, 0.4388913878964053, 0.1859375, 0.2916716646816995, 0.9964014291763306]
img_5526.txt
[208, 0, 548, 344, 0.9991523027420044] 
[0.134375, 1.1409728109008737, 0.26875, 0.759723399579525, 0.9991523027420044]
img_9617.txt
[810, 0, 1169, 422, 0.9965925812721252] 
[0.16484375, 2.4347245884852278, 0.3296875, 1.622226954748233, 0.9965925812721252]
img_7157.txt
[494, 0, 865, 192, 0.9295654892921448] 
[0.075, 1.801437801743547, 0.15, 1.2000978257093164, 0.9295654892921448]
img_5122.txt
[141, 123, 332, 396, 0.999104917049408] 
[0.202734375, 0.6909728438076046, 0.21328125, 0.4597234653929869, 0.999104917049408]
img_7159.txt
[514, 0, 889, 189, 0.9913233518600464] 
[0.073828125, 1.851394914338986, 0.14765625, 1.2333453842335278, 0.9913233518600464]
img_3130.txt
[490, 264, 782, 663, 0.9332679510116577] 
[0.362109375, 1.6285185639229085, 0.31171875, 1.084814905623595, 0.9332679510116577]
img_4885.txt
[95, 53, 423, 531, 0.9978907704353333] 
[0.228125, 0.8805570202983088, 0.3734375, 0.5861140405966176, 0.9978907704353333]
img_10513.txt
[1180, 0, 1278, 157, 0.9761477708816528] 
[0.061328125, 2.6618221196035545, 0.12265625, 1.7736442392071088, 0.9761477708816528]
img_5079.txt
[0, 16, 103, 266, 0.9981818199157715] 
[0.11015625, 0.21389015151394739, 0.1953125, 0.14166919191678365, 0.9981818199157715]
img_5078.txt
[0, 9, 105, 257, 0.9987717270851135] 
[0.10390625, 0.21805640852285757, 0.19375, 0.14444615037904845, 0.9987717270851135]
img_5129.txt
[144, 141, 381, 465, 0.997036337852478] 
[0.23671875, 0.7930576136542691, 0.253125, 0.5277818939752049, 0.997036337852478]
img_5131.txt
[176, 135, 426, 465, 0.9986494183540344] 
[0.234375, 0.8868064934594764, 0.2578125, 0.5902796535856194, 0.9986494183540344]
img_2321.txt
[544, 234, 603, 288, 0.9231476783752441] 
[0.20390625, 1.2556089252233504, 0.0421875, 0.836217850446701, 0.9231476783752441]
img_2342.txt
[520, 327, 573, 377, 0.9851644039154053] 
[0.275, 1.1930658580528366, 0.0390625, 0.7944650494390064, 0.9851644039154053]
img_10532.txt
[1177, 0, 1278, 185, 0.9946072697639465] 
[0.072265625, 2.6618093005071084, 0.14453125, 1.7736186010142168, 0.9946072697639465]
img_7163.txt
[541, 0, 921, 211, 0.9939867258071899] 
[0.082421875, 1.9180597314404118, 0.16484375, 1.27778612954749, 0.9939867258071899]
img_5097.txt
[25, 102, 176, 336, 0.998164713382721] 
[0.17109375, 0.36597349672681756, 0.1828125, 0.24305810456474622, 0.998164713382721]
img_3129.txt
[472, 272, 785, 639, 0.9552335739135742] 
[0.355859375, 1.6347533100181155, 0.28671875, 1.0889510644806757, 0.9552335739135742]
img_10285.txt
[1060, 152, 1278, 641, 0.9994542002677917] 
[0.309765625, 2.6618059345831475, 0.38203125, 1.7736118691662948, 0.9994542002677917]
img_10281.txt
[1049, 131, 1278, 628, 0.9993177652359009] 
[0.296484375, 2.6618060293296972, 0.38828125, 1.7736120586593946, 0.9993177652359009]
img_9607.txt
[818, 0, 1120, 331, 0.99729984998703] 
[0.129296875, 2.3326407639930644, 0.25859375, 1.5541704168750181, 0.99729984998703]
img_9611.txt
[825, 0, 1143, 364, 0.9972225427627563] 
[0.1421875, 2.3805574843453035, 0.284375, 1.5861149686906073, 0.9972225427627563]
img_7161.txt
[523, 0, 908, 212, 0.9951334595680237] 
[0.0828125, 1.8909756017641888, 0.165625, 1.2597289813061556, 0.9951334595680237]
img_2947.txt
[408, 455, 503, 511, 0.9503130316734314] 
[0.37734375, 1.047256727061338, 0.04375, 0.6972912319004536, 0.9503130316734314]
img_1935.txt
[1056, 256, 1082, 285, 0.95119708776474] 
[0.211328125, 2.2535061131334966, 0.02265625, 1.5014566707114378, 0.95119708776474]
img_4867.txt
[164, 0, 416, 253, 0.9973601698875427] 
[0.098828125, 0.8659740554375781, 0.19765625, 0.5763925553196007, 0.9973601698875427]
img_7921.txt
[542, 619, 644, 719, 0.9372343420982361] 
[0.52265625, 1.341015809484654, 0.078125, 0.8931427300804191, 0.9372343420982361]
img_5110.txt
[130, 153, 298, 407, 0.9993382096290588] 
[0.21875, 0.6201393484655354, 0.1984375, 0.41250091915329296, 0.9993382096290588]
img_5132.txt
[196, 124, 444, 459, 0.9991050362586975] 
[0.227734375, 0.9243061770581537, 0.26171875, 0.615279020782974, 0.9991050362586975]
img_5402.txt
[0, 130, 119, 505, 0.9434926509857178] 
[0.248046875, 0.2472614634368155, 0.29296875, 0.1639673713180754, 0.9434926509857178]
img_2338.txt
[548, 331, 602, 382, 0.9925991296768188] 
[0.278515625, 1.2534773617155022, 0.03984375, 0.8347325012087822, 0.9925991296768188]
img_5075.txt
[0, 0, 92, 233, 0.9876111149787903] 
[0.091015625, 0.19098082561459806, 0.18203125, 0.12640609567364056, 0.9876111149787903]
img_10517.txt
[1160, 0, 1278, 152, 0.998185932636261] 
[0.059375, 2.661806815324558, 0.11875, 1.7736136306491164, 0.998185932636261]
img_10521.txt
[1151, 0, 1278, 174, 0.9988942742347717] 
[0.06796875, 2.66180632342067, 0.1359375, 1.7736126468413407, 0.9988942742347717]
img_4877.txt
[253, 0, 544, 228, 0.9990814924240112] 
[0.0890625, 1.1326395267413722, 0.178125, 0.7541679423716333, 0.9990814924240112]
img_5096.txt
[19, 102, 169, 332, 0.9981163740158081] 
[0.16953125, 0.351390196962489, 0.1796875, 0.2333359494805336, 0.9981163740158081]
img_5091.txt
[0, 107, 84, 331, 0.9616455435752869] 
[0.17109375, 0.1743321905947394, 0.175, 0.11533104785614544, 0.9616455435752869]
img_4886.txt
[0, 164, 268, 549, 0.984948456287384] 
[0.278515625, 0.5576493413498004, 0.30078125, 0.3708542382551564, 0.984948456287384]
img_7171.txt
[621, 0, 988, 198, 0.9981229901313782] 
[0.07734375, 2.0576401923679644, 0.1546875, 1.3708359402914843, 0.9981229901313782]
img_3014.txt
[708, 529, 901, 680, 0.9833643436431885] 
[0.472265625, 1.8764004414280255, 0.11796875, 1.2500231050782733, 0.9833643436431885]
img_10518.txt
[1160, 0, 1278, 160, 0.9988042116165161] 
[0.0625, 2.661806385964155, 0.125, 1.7736127719283103, 0.9988042116165161]
img_10278.txt
[1114, 165, 1278, 636, 0.9897477626800537] 
[0.312890625, 2.6618126751648057, 0.36796875, 1.773625350329611, 0.9897477626800537]
img_4872.txt
[217, 0, 495, 260, 0.9989668130874634] 
[0.1015625, 1.030556273046467, 0.203125, 0.686112546092934, 0.9989668130874634]
img_5535.txt
[0, 35, 181, 397, 0.9983173608779907] 
[0.16875, 0.3763900573882792, 0.2828125, 0.25000233699878055, 0.9983173608779907]
img_2281.txt
[557, 119, 610, 170, 0.9631325602531433] 
[0.112890625, 1.270164491277602, 0.03984375, 0.8458845381107595, 0.9631325602531433]
img_10283.txt
[1040, 143, 1278, 639, 0.9989469647407532] 
[0.30546875, 2.661806286830041, 0.3875, 1.7736125736600823, 0.9989469647407532]
img_5136.txt
[204, 61, 473, 408, 0.9993618130683899] 
[0.183203125, 0.9847226654075913, 0.27109375, 0.6555564419262939, 0.9993618130683899]
img_5116.txt
[148, 144, 326, 410, 0.9995960593223572] 
[0.21640625, 0.6784725027365817, 0.2078125, 0.4513894499176078, 0.9995960593223572]
img_3004.txt
[929, 452, 1175, 626, 0.9502658843994141] 
[0.42109375, 2.4472567598025003, 0.1359375, 1.6306246307161119, 0.9502658843994141]
img_9608.txt
[824, 0, 1136, 339, 0.9977309107780457] 
[0.132421875, 2.365973797978626, 0.26484375, 1.5763920404016971, 0.9977309107780457]
img_4868.txt
[192, 0, 455, 260, 0.9970908164978027] 
[0.1015625, 0.9472242424885432, 0.203125, 0.6305595960881974, 0.9970908164978027]
img_5536.txt
[0, 70, 143, 411, 0.9962440729141235] 
[0.187890625, 0.29722483050492077, 0.26640625, 0.19722743878761928, 0.9962440729141235]
img_7191.txt
[575, 0, 939, 204, 0.9778949618339539] 
[0.0796875, 1.955570906276504, 0.159375, 1.302808479219675, 0.9778949618339539]
img_7158.txt
[505, 0, 882, 189, 0.9802629351615906] 
[0.073828125, 1.8368192618505823, 0.14765625, 1.2236385237011644, 0.9802629351615906]
img_5107.txt
[105, 145, 267, 391, 0.9982380867004395] 
[0.209375, 0.5555567791064581, 0.1921875, 0.3694468915462494, 0.9982380867004395]
img_5135.txt
[216, 90, 477, 426, 0.9994074106216431] 
[0.2015625, 0.9930559670759572, 0.2625, 0.6611119341519144, 0.9994074106216431]
img_5138.txt
[160, 1, 427, 355, 0.9993537068367004] 
[0.1390625, 0.8888893377035856, 0.2765625, 0.5916675642960602, 0.9993537068367004]
img_7195.txt
[626, 0, 973, 176, 0.9386751055717468] 
[0.06875, 2.0264314756211306, 0.1375, 1.3500851734644836, 0.9386751055717468]
img_5140.txt
[80, 0, 343, 276, 0.9967225193977356] 
[0.1078125, 0.7138911649170849, 0.215625, 0.475004552056392, 0.9967225193977356]
img_5074.txt
[0, 0, 87, 227, 0.9511893391609192] 
[0.088671875, 0.18058945184780492, 0.17734375, 0.11951223702894317, 0.9511893391609192]
img_4864.txt
[51, 0, 282, 230, 0.9923933744430542] 
[0.08984375, 0.5868108379344146, 0.1796875, 0.39028834253549577, 0.9923933744430542]
img_5415.txt
[0, 135, 252, 566, 0.9965373277664185] 
[0.273828125, 0.5243079601890511, 0.33671875, 0.3486159203781022, 0.9965373277664185]
img_5076.txt
[0, 0, 96, 241, 0.9967126846313477] 
[0.094140625, 0.19930783841345046, 0.18828125, 0.13194901016023425, 0.9967126846313477]
img_5120.txt
[150, 126, 332, 389, 0.9994699358940125] 
[0.201171875, 0.6909725903222959, 0.20546875, 0.45972295842236943, 0.9994699358940125]
img_9626.txt
[935, 52, 1278, 585, 0.9787181615829468] 
[0.248828125, 2.6618203346100118, 0.41640625, 1.7736406692200237, 0.9787181615829468]
img_5123.txt
[137, 131, 332, 407, 0.9978526830673218] 
[0.21015625, 0.6909737134145366, 0.215625, 0.45972520460685096, 0.9978526830673218]
img_5083.txt
[0, 62, 89, 297, 0.9896077513694763] 
[0.140234375, 0.18472943906154898, 0.18359375, 0.12223665590087572, 0.9896077513694763]
img_5413.txt
[0, 173, 269, 597, 0.9965336322784424] 
[0.30078125, 0.5597246294220288, 0.33125, 0.3722270366218355, 0.9965336322784424]
img_1255.txt
[810, 282, 1209, 532, 0.9673251509666443] 
[0.31796875, 2.51807824642294, 0.1953125, 1.6778231595125463, 0.9673251509666443]
img_9624.txt
[870, 20, 1278, 552, 0.9866361021995544] 
[0.2234375, 2.661814836040139, 0.415625, 1.7736296720802784, 0.9866361021995544]
img_5393.txt
[0, 97, 119, 449, 0.9522658586502075] 
[0.21328125, 0.2472553709314929, 0.275, 0.16395518630743028, 0.9522658586502075]
img_5118.txt
[152, 130, 335, 400, 0.9990992546081543] 
[0.20703125, 0.6972228477398554, 0.2109375, 0.46389013992415534, 0.9990992546081543]
img_9207.txt
[532, 166, 701, 385, 0.9745010137557983] 
[0.215234375, 1.4597399298515585, 0.17109375, 0.9722576374808948, 0.9745010137557983]
img_9616.txt
[817, 0, 1176, 404, 0.9981532692909241] 
[0.1578125, 2.4493068380074368, 0.315625, 1.6319470093482071, 0.9981532692909241]
img_10519.txt
[1155, 0, 1278, 160, 0.9987930059432983] 
[0.0625, 2.6618063937458727, 0.125, 1.7736127874917453, 0.9987930059432983]
img_2699.txt
[326, 134, 654, 382, 0.9809179306030273] 
[0.2015625, 1.3618188069926367, 0.19375, 0.906970947318607, 0.9809179306030273]
img_9605.txt
[803, 0, 1115, 330, 0.9980328679084778] 
[0.12890625, 2.3222235882861746, 0.2578125, 1.547224954350127, 0.9980328679084778]
img_9228.txt
[578, 149, 795, 341, 0.9188603758811951] 
[0.19140625, 1.6556119025167493, 0.15, 1.102890471700165, 0.9188603758811951]
img_4881.txt
[279, 0, 572, 310, 0.9989665746688843] 
[0.12109375, 1.1909729398787021, 0.2421875, 0.7930569908685154, 0.9989665746688843]
img_2339.txt
[539, 330, 594, 382, 0.9664354920387268] 
[0.278125, 1.2368288642416398, 0.040625, 0.8236577284832796, 0.9664354920387268]
img_5126.txt
[125, 157, 327, 438, 0.9946404099464417] 
[0.232421875, 0.6805592774930928, 0.21953125, 0.4527852216528522, 0.9946404099464417]
img_4884.txt
[198, 29, 497, 435, 0.9959749579429626] 
[0.18125, 1.0347250173903173, 0.3171875, 0.6888944792250792, 0.9959749579429626]
img_9620.txt
[813, 0, 1213, 469, 0.9952912330627441] 
[0.183203125, 2.526392158865929, 0.36640625, 1.6833398732874127, 0.9952912330627441]
img_10526.txt
[1142, 0, 1278, 175, 0.99857497215271] 
[0.068359375, 2.6618065451582273, 0.13671875, 1.7736130903164546, 0.99857497215271]
img_2700.txt
[349, 181, 689, 433, 0.9742562174797058] 
[0.23984375, 1.4347400998489723, 0.196875, 0.955591310809056, 0.9742562174797058]
img_10522.txt
[1144, 0, 1278, 174, 0.9989608526229858] 
[0.06796875, 2.6618062771856783, 0.1359375, 1.773612554371357, 0.9989608526229858]
img_5112.txt
[137, 156, 309, 411, 0.999445378780365] 
[0.221484375, 0.6430559407091803, 0.19921875, 0.42777854808502724, 0.999445378780365]
img_10280.txt
[1062, 135, 1278, 622, 0.9992819428443909] 
[0.295703125, 2.661806054206358, 0.38046875, 1.773612108412716, 0.9992819428443909]
img_9610.txt
[823, 0, 1135, 368, 0.997287392616272] 
[0.14375, 2.3638907726440164, 0.2875, 1.5750037675102553, 0.997287392616272]
img_5124.txt
[130, 138, 329, 418, 0.9974431991577148] 
[0.2171875, 0.6847239977783627, 0.21875, 0.4555591066678365, 0.9974431991577148]
img_3127.txt
[478, 248, 767, 651, 0.9623324871063232] 
[0.351171875, 1.5972483802172872, 0.31484375, 1.0639412048790189, 0.9623324871063232]
img_7170.txt
[637, 0, 998, 198, 0.998177170753479] 
[0.07734375, 2.0784734880758657, 0.1546875, 1.3847247539295091, 0.998177170753479]
img_5094.txt
[0, 101, 129, 331, 0.999254047870636] 
[0.16875, 0.2680560735778676, 0.1796875, 0.1777788138224019, 0.999254047870636]
img_9592.txt
[930, 47, 1208, 395, 0.9986622333526611] 
[0.17265625, 2.5159731512268384, 0.271875, 1.6763907468981214, 0.9986622333526611]
img_5416.txt
[0, 123, 249, 550, 0.9974672794342041] 
[0.262890625, 0.5180573143892818, 0.33359375, 0.34444796211189693, 0.9974672794342041]
img_5407.txt
[0, 190, 158, 572, 0.9859166741371155] 
[0.29765625, 0.328482002309627, 0.2984375, 0.21807511573036512, 0.9859166741371155]
img_4858.txt
[0, 0, 112, 197, 0.9474518299102783] 
[0.076953125, 0.2326753806736734, 0.15390625, 0.15423965023623573, 0.9474518299102783]
img_5082.txt
[0, 53, 90, 294, 0.9940102100372314] 
[0.135546875, 0.1868097151319186, 0.18828125, 0.12361943026383718, 0.9940102100372314]
img_2564.txt
[673, 250, 802, 438, 0.9772417545318604] 
[0.26875, 1.6701546932260196, 0.146875, 1.1125316086742614, 0.9772417545318604]
img_5095.txt
[5, 107, 152, 331, 0.998059093952179] 
[0.17109375, 0.3159735700736443, 0.175, 0.20972491792506642, 0.998059093952179]
img_7169.txt
[640, 0, 999, 208, 0.9977285265922546] 
[0.08125, 2.080557132967644, 0.1625, 1.3861142659352885, 0.9977285265922546]
img_5105.txt
[85, 138, 243, 384, 0.9980608820915222] 
[0.20390625, 0.5055569021652142, 0.1921875, 0.3361138043304284, 0.9980608820915222]
img_5119.txt
[149, 130, 333, 391, 0.9995406866073608] 
[0.203515625, 0.6930558745231893, 0.20390625, 0.46111174904637864, 0.9995406866073608]
img_7173.txt
[630, 0, 984, 193, 0.9972973465919495] 
[0.075390625, 2.0493074323982, 0.15078125, 1.3652815314630666, 0.9972973465919495]
img_7194.txt
[615, 0, 949, 182, 0.9806488752365112] 
[0.07109375, 1.9764023271699747, 0.1421875, 1.3166935432288382, 0.9806488752365112]
img_9208.txt
[531, 166, 701, 386, 0.970977783203125] 
[0.215625, 1.4597423765394422, 0.171875, 0.9722625308566624, 0.970977783203125]
img_9597.txt
[795, 0, 1117, 353, 0.9989607334136963] 
[0.137890625, 2.326389610601796, 0.27578125, 1.5500014434258143, 0.9989607334136963]
img_9619.txt
[809, 0, 1200, 451, 0.9976724982261658] 
[0.176171875, 2.499307171876232, 0.35234375, 1.6652810104191302, 0.9976724982261658]
img_1263.txt
[855, 377, 1271, 617, 0.914620578289032] 
[0.38828125, 2.6472815134872993, 0.1875, 1.764007471419043, 0.914620578289032]
img_9627.txt
[972, 52, 1278, 591, 0.992143988609314] 
[0.251171875, 2.6618110111190214, 0.42109375, 1.7736220222380426, 0.992143988609314]
img_10286.txt
[1043, 162, 1278, 649, 0.9986843466758728] 
[0.316796875, 2.661806469203697, 0.38046875, 1.7736129384073946, 0.9986843466758728]
img_6694.txt
[392, 457, 750, 719, 0.9139143824577332] 
[0.459375, 1.5618653372344045, 0.2046875, 1.0403973411354754, 0.9139143824577332]
img_9590.txt
[1046, 95, 1278, 436, 0.9975435137748718] 
[0.207421875, 2.6618072614487676, 0.26640625, 1.7736145228975349, 0.9975435137748718]
img_5411.txt
[0, 179, 231, 601, 0.9964673519134521] 
[0.3046875, 0.48055800878339344, 0.3296875, 0.3194493509001202, 0.9964673519134521]
img_9595.txt
[821, 0, 1135, 359, 0.9984264373779297] 
[0.140234375, 2.36388998164071, 0.28046875, 1.5750021855036418, 0.9984264373779297]
img_5421.txt
[0, 0, 253, 357, 0.9964436888694763] 
[0.139453125, 0.5263913585493962, 0.27890625, 0.3500049393210146, 0.9964436888694763]
img_7168.txt
[632, 0, 993, 207, 0.9984526634216309] 
[0.080859375, 2.068056630094846, 0.16171875, 1.3777799268563589, 0.9984526634216309]
img_4862.txt
[0, 0, 205, 206, 0.9608501195907593] 
[0.08046875, 0.4264160763058398, 0.1609375, 0.2833877081672351, 0.9608501195907593]
img_5099.txt
[49, 109, 197, 347, 0.996673583984375] 
[0.178125, 0.4097245322333442, 0.1859375, 0.27222684224446614, 0.996673583984375]
img_10284.txt
[1040, 146, 1278, 639, 0.9993736147880554] 
[0.306640625, 2.661805990545286, 0.38515625, 1.7736119810905722, 0.9993736147880554]
img_5527.txt
[173, 0, 523, 369, 0.9992843270301819] 
[0.144140625, 1.0888893858840067, 0.28828125, 0.7250009939902359, 0.9992843270301819]
img_1258.txt
[821, 293, 1235, 545, 0.9409152865409851] 
[0.32734375, 2.5722632532732352, 0.196875, 1.7139709509909153, 0.9409152865409851]
img_9618.txt
[817, 0, 1183, 439, 0.9975989460945129] 
[0.171484375, 2.4638905562874345, 0.34296875, 1.6416700014637575, 0.9975989460945129]
img_3128.txt
[471, 265, 775, 645, 0.9371906518936157] 
[0.35546875, 1.6139325064917405, 0.296875, 1.0750872352057033, 0.9371906518936157]
img_5106.txt
[93, 137, 253, 388, 0.9989606142044067] 
[0.205078125, 0.5263896106845802, 0.19609375, 0.35000144359138274, 0.9989606142044067]
img_3006.txt
[977, 371, 1135, 530, 0.9135211706161499] 
[0.351953125, 2.3639489436315166, 0.12421875, 1.5751201094852554, 0.9135211706161499]
img_5417.txt
[0, 104, 262, 526, 0.9967374205589294] 
[0.24609375, 0.5451411545690563, 0.3296875, 0.36250453136033484, 0.9967374205589294]
img_1933.txt
[1034, 243, 1060, 271, 0.947178840637207] 
[0.20078125, 2.2076755702495574, 0.021875, 1.4709066960546706, 0.947178840637207]
img_10531.txt
[1173, 0, 1278, 184, 0.9983174800872803] 
[0.071875, 2.6618067239721617, 0.14375, 1.7736134479443233, 0.9983174800872803]
img_400.txt
[760, 285, 854, 400, 0.9184924364089966] 
[0.267578125, 1.7785288246969382, 0.08984375, 1.1848354271716541, 0.9184924364089966]
img_9600.txt
[787, 0, 1106, 347, 0.9990471005439758] 
[0.135546875, 2.3034728839579555, 0.27109375, 1.534723545693689, 0.9990471005439758]
img_5408.txt
[0, 190, 163, 578, 0.991465151309967] 
[0.3, 0.33889481586714587, 0.303125, 0.22501185395651394, 0.991465151309967]
img_5404.txt
[0, 161, 135, 524, 0.9861469864845276] 
[0.267578125, 0.2805651757038302, 0.28359375, 0.18613035140766038, 0.9861469864845276]
img_5418.txt
[0, 77, 255, 499, 0.9969043135643005] 
[0.225, 0.5305577053378026, 0.3296875, 0.3527820773422718, 0.9969043135643005]
img_9615.txt
[820, 0, 1164, 394, 0.9985567927360535] 
[0.15390625, 2.4243065577828222, 0.3078125, 1.615279782232311, 0.9985567927360535]
img_2283.txt
[545, 123, 604, 177, 0.9070528745651245] 
[0.1171875, 1.2577034355037742, 0.0421875, 0.8376290932297706, 0.9070528745651245]
img_5422.txt
[0, 0, 252, 357, 0.9966260194778442] 
[0.139453125, 0.5243078985975849, 0.27890625, 0.34861579719516966, 0.9966260194778442]
img_9206.txt
[475, 214, 698, 395, 0.9239092469215393] 
[0.237890625, 1.4535250630229712, 0.14140625, 0.9681612371570534, 0.9239092469215393]
img_4879.txt
[270, 0, 563, 259, 0.9986082911491394] 
[0.101171875, 1.172223188686702, 0.20234375, 0.7805574884845151, 0.9986082911491394]
img_5414.txt
[0, 148, 265, 583, 0.9949945211410522] 
[0.285546875, 0.5513923649158743, 0.33984375, 0.3666736187206374, 0.9949945211410522]
img_5081.txt
[0, 48, 92, 287, 0.995299220085144] 
[0.130859375, 0.19097548665271866, 0.18671875, 0.12639541774988175, 0.995299220085144]
img_2706.txt
[437, 468, 666, 693, 0.9385530352592468] 
[0.453515625, 1.3868482270588478, 0.17578125, 0.9236964541176955, 0.9385530352592468]
img_2348.txt
[152, 456, 317, 629, 0.9938713312149048] 
[0.423828125, 0.6597264782422119, 0.13515625, 0.4388974009288682, 0.9938713312149048]
img_9370.txt
[840, 555, 923, 644, 0.9236736297607422] 
[0.468359375, 1.9222752266459995, 0.06953125, 1.28066156440311, 0.9236736297607422]
img_7165.txt
[590, 0, 965, 200, 0.9977042078971863] 
[0.078125, 2.0097238165222935, 0.15625, 1.3388920774890316, 0.9977042078971863]
img_10529.txt
[1158, 0, 1278, 180, 0.9990481734275818] 
[0.0703125, 2.661806216546231, 0.140625, 1.7736124330924616, 0.9990481734275818]
img_5409.txt
[0, 197, 200, 588, 0.9915681481361389] 
[0.306640625, 0.41597807767490547, 0.30546875, 0.27640059979425535, 0.9915681481361389]
img_5528.txt
[161, 0, 500, 394, 0.9992536902427673] 
[0.15390625, 1.040972740492887, 0.3078125, 0.6930565920968851, 0.9992536902427673]
img_5117.txt
[149, 139, 332, 407, 0.9993699193000793] 
[0.21328125, 0.6909726597782638, 0.209375, 0.45972309733430544, 0.9993699193000793]
img_9621.txt
[817, 0, 1217, 478, 0.9943709969520569] 
[0.18671875, 2.5347261312521168, 0.3734375, 1.6888967069486778, 0.9943709969520569]
img_9606.txt
[809, 0, 1116, 327, 0.9979373216629028] 
[0.127734375, 2.3243069879710676, 0.25546875, 1.548613975942135, 0.9979373216629028]
img_10524.txt
[1141, 0, 1278, 177, 0.9994034767150879] 
[0.069140625, 2.661805969807837, 0.13828125, 1.7736119396156735, 0.9994034767150879]
img_9625.txt
[884, 34, 1278, 582, 0.9900752902030945] 
[0.240625, 2.661812447715137, 0.428125, 1.7736248954302736, 0.9900752902030945]
img_10815.txt
[307, 0, 436, 102, 0.994950532913208] 
[0.03984375, 0.9076423954632548, 0.0796875, 0.6041736798153983, 0.994950532913208]
img_7190.txt
[584, 0, 940, 196, 0.9918259382247925] 
[0.0765625, 1.9576445653206773, 0.153125, 1.3041780195302433, 0.9918259382247925]
img_5098.txt
[37, 101, 192, 339, 0.9973674416542053] 
[0.171875, 0.3993073837210735, 0.1859375, 0.2652814341088136, 0.9973674416542053]
img_9594.txt
[846, 0, 1152, 370, 0.9985982775688171] 
[0.14453125, 2.3993065289739106, 0.2890625, 1.598613057947821, 0.9985982775688171]
img_10816.txt
[307, 0, 439, 103, 0.9961951971054077] 
[0.040234375, 0.9138915311131213, 0.08046875, 0.6083386177817981, 0.9961951971054077]
img_5113.txt
[142, 155, 312, 410, 0.9992407560348511] 
[0.220703125, 0.6493060828083091, 0.19921875, 0.4319454989499516, 0.9992407560348511]
img_10523.txt
[1141, 0, 1278, 177, 0.9991798996925354] 
[0.069140625, 2.661806125069658, 0.13828125, 1.773612250139316, 0.9991798996925354]
img_4869.txt
[208, 0, 477, 260, 0.997239351272583] 
[0.1015625, 0.9930574726727274, 0.203125, 0.6611149453454548, 0.997239351272583]
img_5392.txt
[0, 96, 123, 453, 0.9247667193412781] 
[0.214453125, 0.2556078008893463, 0.27890625, 0.169548935112026, 0.9247667193412781]
img_5522.txt
[359, 0, 664, 191, 0.9936538934707642] 
[0.074609375, 1.382643295907312, 0.14921875, 0.9208421473701794, 0.9936538934707642]
img_3005.txt
[960, 400, 1162, 573, 0.9950879216194153] 
[0.380078125, 2.420142300054431, 0.13515625, 1.612506822331084, 0.9950879216194153]
img_2313.txt
[569, 252, 629, 303, 0.9783127307891846] 
[0.216796875, 1.309737282825841, 0.03984375, 0.8722523434294595, 0.9783127307891846]
img_2561.txt
[575, 236, 658, 368, 0.9384201169013977] 
[0.2359375, 1.3701816526965962, 0.103125, 0.9125855276154147, 0.9384201169013977]
img_3015.txt
[632, 560, 828, 719, 0.9913170337677002] 
[0.499609375, 1.724311585393217, 0.12421875, 1.1486231707864338, 0.9913170337677002]
img_405.txt
[809, 466, 884, 559, 0.9225091338157654] 
[0.400390625, 1.841026035323739, 0.07265625, 1.2264965150919225, 0.9225091338157654]
img_5104.txt
[78, 136, 234, 380, 0.9983847141265869] 
[0.2015625, 0.48680667728185656, 0.190625, 0.3236133545637131, 0.9983847141265869]
img_10818.txt
[333, 0, 454, 113, 0.9989733695983887] 
[0.044140625, 0.9451396018266678, 0.08828125, 0.6291680925422245, 0.9989733695983887]
img_2697.txt
[369, 164, 670, 452, 0.9901004433631897] 
[0.240625, 1.3951457635809978, 0.225, 0.9291804160508844, 0.9901004433631897]
img_2344.txt
[507, 318, 560, 369, 0.9913640022277832] 
[0.268359375, 1.1659782194428974, 0.03984375, 0.7764008833302392, 0.9913640022277832]
img_9602.txt
[781, 0, 1114, 338, 0.9989879727363586] 
[0.13203125, 2.3201395916856, 0.2640625, 1.545834738926755, 0.9989879727363586]
img_5391.txt
[0, 109, 122, 456, 0.9064064621925354] 
[0.220703125, 0.25353721773458854, 0.27109375, 0.16818554658028814, 0.9064064621925354]
img_5114.txt
[144, 152, 314, 411, 0.9992368221282959] 
[0.219921875, 0.6534727522068553, 0.20234375, 0.4347232821914885, 0.9992368221282959]
img_8143.txt
[284, 417, 463, 588, 0.9033368229866028] 
[0.392578125, 0.9639560160951481, 0.13359375, 0.6418009210791853, 0.9033368229866028]
img_5531.txt
[82, 0, 408, 399, 0.9990052580833435] 
[0.155859375, 0.8493062463485532, 0.31171875, 0.5652791593637732, 0.9990052580833435]
img_5101.txt
[68, 123, 219, 363, 0.9984481334686279] 
[0.18984375, 0.45555663324064677, 0.1875, 0.30277993314796026, 0.9984481334686279]
img_4873.txt
[215, 0, 497, 251, 0.9986224174499512] 
[0.098046875, 1.0347231788767708, 0.19609375, 0.6888908021979862, 0.9986224174499512]
img_5143.txt
[0, 0, 158, 222, 0.9734011888504028] 
[0.08671875, 0.3284906936188539, 0.1734375, 0.2180924983488189, 0.9734011888504028]
img_9589.txt
[1101, 123, 1278, 463, 0.988146960735321] 
[0.22890625, 2.661813786832823, 0.265625, 1.7736275736656455, 0.988146960735321]
img_10817.txt
[319, 0, 447, 110, 0.9976061582565308] 
[0.04296875, 0.9305572179456552, 0.0859375, 0.6194477692246437, 0.9976061582565308]
img_10511.txt
[1200, 0, 1278, 141, 0.9411625266075134] 
[0.055078125, 2.661846414912078, 0.11015625, 1.7736928298241563, 0.9411625266075134]
img_5394.txt
[0, 99, 121, 446, 0.9560255408287048] 
[0.212890625, 0.25141942670775785, 0.27109375, 0.16672774230440457, 0.9560255408287048]
img_9591.txt
[984, 69, 1242, 411, 0.9982461929321289] 
[0.1875, 2.5868067734771305, 0.2671875, 1.7236135469542608, 0.9982461929321289]
img_10289.txt
[1123, 143, 1278, 634, 0.9828962683677673] 
[0.303515625, 2.661817433146967, 0.38359375, 1.7736348662939336, 0.9828962683677673]
img_7193.txt
[599, 0, 970, 188, 0.9927270412445068] 
[0.0734375, 2.0201439395546914, 0.146875, 1.3458434346649382, 0.9927270412445068]
img_9604.txt
[791, 0, 1113, 331, 0.9986923336982727] 
[0.129296875, 2.318056463657154, 0.25859375, 1.5444462606476412, 0.9986923336982727]
img_5137.txt
[200, 32, 469, 388, 0.999273955821991] 
[0.1640625, 0.9763893930862347, 0.278125, 0.6500010083946917, 0.999273955821991]
img_5412.txt
[0, 188, 262, 605, 0.9968109726905823] 
[0.309765625, 0.545141103491187, 0.32578125, 0.3625044292045964, 0.9968109726905823]
img_2701.txt
[386, 233, 696, 497, 0.9352335333824158] 
[0.28515625, 1.4493505322684845, 0.20625, 0.9653677312036355, 0.9352335333824158]
img_4860.txt
[0, 0, 179, 195, 0.9683917164802551] 
[0.076171875, 0.37224417241911095, 0.15234375, 0.24726612261599965, 0.9683917164802551]
img_6090.txt
[1020, 262, 1054, 302, 0.9381814002990723] 
[0.2203125, 2.1951818184720144, 0.03125, 1.4625858591662513, 0.9381814002990723]
img_10528.txt
[1152, 0, 1278, 181, 0.9985342025756836] 
[0.070703125, 2.6618065734704337, 0.14140625, 1.7736131469408671, 0.9985342025756836]
img_5142.txt
[0, 0, 226, 246, 0.9923132061958313] 
[0.09609375, 0.4701442269401418, 0.1921875, 0.31251067610250577, 0.9923132061958313]
img_5523.txt
[330, 0, 663, 228, 0.9975022673606873] 
[0.0890625, 1.3805572900921106, 0.178125, 0.9194479135175546, 0.9975022673606873]
img_10525.txt
[1142, 0, 1278, 175, 0.9992765784263611] 
[0.068359375, 2.6618060579316483, 0.13671875, 1.7736121158632967, 0.9992765784263611]
img_7188.txt
[569, 0, 912, 186, 0.9548428058624268] 
[0.07265625, 1.8993369147181511, 0.1453125, 1.2653404961029688, 0.9548428058624268]
img_4878.txt
[256, 0, 549, 241, 0.9990678429603577] 
[0.094140625, 1.1430562028868332, 0.18828125, 0.7611124057736661, 0.9990678429603577]
img_7164.txt
[561, 0, 930, 206, 0.9945870637893677] 
[0.08046875, 1.9368093145390353, 0.1609375, 1.290285295744737, 0.9945870637893677]
img_5080.txt
[0, 29, 97, 276, 0.9977498650550842] 
[0.119140625, 0.20139045148260062, 0.19296875, 0.13333645852075682, 0.9977498650550842]
img_5403.txt
[0, 158, 126, 512, 0.949152946472168] 
[0.26171875, 0.2618408660093943, 0.2765625, 0.17368173201878864, 0.949152946472168]
img_10282.txt
[1037, 133, 1278, 635, 0.9988445043563843] 
[0.3, 2.6618063579830857, 0.3921875, 1.7736127159661716, 0.9988445043563843]
img_2340.txt
[534, 331, 586, 382, 0.9521708488464355] 
[0.278515625, 1.22017210357719, 0.03984375, 0.8125664293766022, 0.9521708488464355]
img_7160.txt
[511, 0, 904, 203, 0.9930763244628906] 
[0.079296875, 1.8826436969969007, 0.15859375, 1.2541762828826903, 0.9930763244628906]
img_10516.txt
[1165, 0, 1278, 155, 0.9953578114509583] 
[0.060546875, 2.6618087792976035, 0.12109375, 1.773617558595207, 0.9953578114509583]
img_7192.txt
[596, 0, 951, 194, 0.9939050078392029] 
[0.07578125, 1.9805597881890005, 0.1515625, 1.3194529097113343, 0.9939050078392029]
img_10515.txt
[1171, 0, 1278, 157, 0.993584930896759] 
[0.061328125, 2.661810010464655, 0.12265625, 1.77362002092931, 0.993584930896759]
img_228.txt
[697, 0, 751, 43, 0.9024943113327026] 
[0.016796875, 1.5639566011726855, 0.03359375, 1.04180209123426, 0.9024943113327026]
img_10520.txt
[1155, 0, 1278, 171, 0.9985163807868958] 
[0.066796875, 2.661806585846676, 0.13359375, 1.7736131716933516, 0.9985163807868958]
img_7098.txt
[507, 0, 885, 170, 0.9541873931884766] 
[0.06640625, 1.8430873698658414, 0.1328125, 1.2278414063983494, 0.9541873931884766]
img_10287.txt
[1080, 161, 1278, 640, 0.9981639981269836] 
[0.312890625, 2.661806830556856, 0.37421875, 1.7736136611137125, 0.9981639981269836]
img_7174.txt
[632, 0, 983, 188, 0.9946038126945496] 
[0.0734375, 2.0472259695745176, 0.146875, 1.3638963835934799, 0.9946038126945496]
img_2275.txt
[560, 90, 619, 141, 0.9321461915969849] 
[0.090234375, 1.2889360095891687, 0.03984375, 0.8584275747338931, 0.9321461915969849]
img_5529.txt
[127, 0, 463, 405, 0.9988462924957275] 
[0.158203125, 0.9638896900746557, 0.31640625, 0.6416682690382004, 0.9988462924957275]
img_5128.txt
[131, 131, 363, 465, 0.9958822727203369] 
[0.2328125, 0.7555584150883886, 0.2609375, 0.5027834968434439, 0.9958822727203369]
img_10530.txt
[1174, 0, 1278, 184, 0.9981887936592102] 
[0.071875, 2.6618068133377366, 0.14375, 1.7736136266754734, 0.9981887936592102]
img_4859.txt
[0, 0, 138, 192, 0.9594302773475647] 
[0.075, 0.2868337289740642, 0.15, 0.19033412461479504, 0.9594302773475647]
img_9623.txt
[846, 0, 1267, 512, 0.9910563230514526] 
[0.2, 2.6388950997756586, 0.4, 1.758345755106873, 0.9910563230514526]
img_10288.txt
[1097, 160, 1278, 646, 0.9842807054519653] 
[0.31484375, 2.661816471732325, 0.3796875, 1.77363294346465, 0.9842807054519653]
img_10514.txt
[1175, 0, 1278, 157, 0.9826241135597229] 
[0.061328125, 2.6618176221433614, 0.12265625, 1.7736352442867227, 0.9826241135597229]
img_10512.txt
[1186, 0, 1278, 150, 0.9749894142150879] 
[0.05859375, 2.661822924017906, 0.1171875, 1.7736458480358124, 0.9749894142150879]
img_5102.txt
[70, 119, 226, 372, 0.9981644749641418] 
[0.191796875, 0.4701401635590527, 0.19765625, 0.31250254934032756, 0.9981644749641418]
img_5524.txt
[273, 0, 612, 267, 0.9981440305709839] 
[0.104296875, 1.2743068444232146, 0.20859375, 0.8486136888464292, 0.9981440305709839]
img_5115.txt
[147, 152, 319, 411, 0.9994507431983948] 
[0.219921875, 0.6638892703172233, 0.20234375, 0.44166742952333554, 0.9994507431983948]
img_1257.txt
[821, 292, 1236, 544, 0.9432411789894104] 
[0.3265625, 2.5743449714034794, 0.196875, 1.715356609473626, 0.9432411789894104]
img_5533.txt
[0, 0, 301, 386, 0.9990112781524658] 
[0.15078125, 0.626389575501283, 0.3015625, 0.4166680398914549, 0.9990112781524658]
img_5423.txt
[0, 0, 251, 339, 0.9876932501792908] 
[0.132421875, 0.5222307685762644, 0.26484375, 0.3472393149303065, 0.9876932501792908]
img_10814.txt
[308, 0, 439, 98, 0.9862561821937561] 
[0.03828125, 0.9138984332068099, 0.0765625, 0.6083524219691754, 0.9862561821937561]
img_5093.txt
[0, 99, 113, 328, 0.9981874823570251] 
[0.166796875, 0.23472348091502984, 0.17890625, 0.1555580729411708, 0.9981874823570251]
img_10279.txt
[1085, 163, 1278, 629, 0.9988620281219482] 
[0.309375, 2.661806345813804, 0.3640625, 1.7736126916276085, 0.9988620281219482]
img_10813.txt
[318, 0, 442, 90, 0.943747878074646] 
[0.03515625, 0.9201779528624482, 0.0703125, 0.6125781279471185, 0.943747878074646]
img_4861.txt
[0, 0, 188, 192, 0.9555151462554932] 
[0.075, 0.391003114481767, 0.15, 0.2597840067413118, 0.9555151462554932]
img_5534.txt
[0, 18, 232, 389, 0.998950183391571] 
[0.158984375, 0.4826396179282003, 0.28984375, 0.32083479141195614, 0.998950183391571]
img_2710.txt
[522, 519, 865, 719, 0.9304829239845276] 
[0.48359375, 1.8014371646361218, 0.15625, 1.200096551494466, 0.9304829239845276]
img_5108.txt
[113, 146, 276, 398, 0.9990191459655762] 
[0.2125, 0.5743062367041906, 0.196875, 0.38194580674171447, 0.9990191459655762]
img_9599.txt
[790, 0, 1110, 350, 0.9987955093383789] 
[0.13671875, 2.311806392007404, 0.2734375, 1.5402794506814745, 0.9987955093383789]
img_3009.txt
[1003, 354, 1138, 528, 0.9131929874420166] 
[0.34453125, 2.3701991715364987, 0.1359375, 1.579287231961886, 0.9131929874420166]
img_1256.txt
[830, 280, 1214, 535, 0.94266277551651] 
[0.318359375, 2.5285120397392244, 0.19921875, 1.684801857256227, 0.94266277551651]
img_4880.txt
[263, 0, 568, 291, 0.9984937906265259] 
[0.113671875, 1.1826399348676204, 0.22734375, 0.7875020919574631, 0.9984937906265259]
img_5397.txt
[0, 104, 119, 458, 0.9276660680770874] 
[0.21953125, 0.24727245411939092, 0.2765625, 0.16398935268322626, 0.9276660680770874]
img_5395.txt
[0, 101, 122, 450, 0.9540607929229736] 
[0.215234375, 0.25350412444935905, 0.27265625, 0.16811936000982922, 0.9540607929229736]
img_4866.txt
[123, 0, 371, 248, 0.9962453246116638] 
[0.096875, 0.7722248296356864, 0.19375, 0.5138941037158171, 0.9962453246116638]
img_2698.txt
[319, 126, 631, 385, 0.9582027196884155] 
[0.199609375, 1.3139179147779942, 0.20234375, 0.8750580517782105, 0.9582027196884155]
img_4870.txt
[221, 0, 487, 269, 0.9980454444885254] 
[0.105078125, 1.0138902462191053, 0.21015625, 0.6750027146604326, 0.9980454444885254]
img_5134.txt
[233, 94, 498, 446, 0.9991806149482727] 
[0.2109375, 1.0368061245729525, 0.275, 0.6902789158125718, 0.9991806149482727]
img_4875.txt
[221, 0, 510, 231, 0.9991359114646912] 
[0.090234375, 1.0618061556170384, 0.18046875, 0.7069456445674102, 0.9991359114646912]
img_2703.txt
[462, 365, 672, 607, 0.9511922001838684] 
[0.3796875, 1.3993394498609835, 0.1890625, 0.9320122330553002, 0.9511922001838684]
img_5525.txt
[263, 0, 593, 298, 0.9982568621635437] 
[0.11640625, 1.2347234327346086, 0.2328125, 0.8222246432469951, 0.9982568621635437]
img_5399.txt
[0, 117, 116, 474, 0.92148756980896] 
[0.230859375, 0.24102674474318822, 0.27890625, 0.15983126726415423, 0.92148756980896]
img_7920.txt
[529, 635, 629, 719, 0.9135050177574158] 
[0.52890625, 1.3097822881821128, 0.065625, 0.8723423541420036, 0.9135050177574158]
img_9628.txt
[1057, 50, 1278, 606, 0.9702549576759338] 
[0.25625, 2.6618262118349474, 0.434375, 1.7736524236698945, 0.9702549576759338]
img_7166.txt
[602, 0, 972, 210, 0.9979222416877747] 
[0.08203125, 2.024306998443272, 0.1640625, 1.3486139968865447, 0.9979222416877747]
img_5085.txt
[0, 86, 78, 312, 0.936217188835144] 
[0.15546875, 0.16184984917442005, 0.1765625, 0.10703303168217342, 0.936217188835144]
img_1936.txt
[1069, 257, 1094, 285, 0.9325242638587952] 
[0.21171875, 2.27851908037232, 0.021875, 1.5181492718557517, 0.9325242638587952]
img_4865.txt
[88, 0, 319, 237, 0.9944615960121155] 
[0.092578125, 0.6638927350027694, 0.18515625, 0.44167435889442763, 0.9944615960121155]
img_7162.txt
[525, 0, 921, 209, 0.9955529570579529] 
[0.081640625, 1.9180586437798208, 0.16328125, 1.2777839542263083, 0.9955529570579529]
img_2349.txt
[460, 310, 509, 357, 0.9373789429664612] 
[0.260546875, 1.0597657090673844, 0.03671875, 0.7056425292458799, 0.9373789429664612]
img_7100.txt
[488, 0, 863, 170, 0.9024378061294556] 
[0.06640625, 1.7972899737457435, 0.1328125, 1.1973577252692646, 0.9024378061294556]
img_7172.txt
[618, 0, 1002, 187, 0.9974684715270996] 
[0.073046875, 2.0868073135614393, 0.14609375, 1.3902812937895457, 0.9974684715270996]
img_9603.txt
[786, 0, 1113, 336, 0.9989295601844788] 
[0.13125, 2.3180562989165385, 0.2625, 1.5444459311664105, 0.9989295601844788]
img_5111.txt
[136, 157, 304, 409, 0.9993913173675537] 
[0.22109375, 0.6326393115851614, 0.196875, 0.4208341787258784, 0.9993913173675537]
img_3013.txt
[795, 503, 975, 651, 0.995864987373352] 
[0.45078125, 2.0305584270921018, 0.115625, 1.3527835208508703, 0.995864987373352]
img_7922.txt
[559, 605, 657, 706, 0.981393575668335] 
[0.512109375, 1.3680684766835636, 0.07890625, 0.9111369533671273, 0.981393575668335]
img_7099.txt
[499, 0, 877, 168, 0.9248035550117493] 
[0.065625, 1.8264411086423529, 0.13125, 1.2167711061735949, 0.9248035550117493]
img_7928.txt
[353, 31, 549, 266, 0.9574073553085327] 
[0.116015625, 1.1430851337810357, 0.18359375, 0.7611702675620715, 0.9574073553085327]
img_10312.txt
[570, 342, 869, 719, 0.9398791193962097] 
[0.414453125, 1.8097639728337527, 0.29453125, 1.2056390567786164, 0.9398791193962097]
img_6098.txt
[992, 254, 1025, 294, 0.9277780055999756] 
[0.2140625, 2.134772376385, 0.03125, 1.4223225305477778, 0.9277780055999756]
img_5532.txt
[46, 0, 377, 401, 0.9991506338119507] 
[0.156640625, 0.7847228120598528, 0.31328125, 0.5222234018974834, 0.9991506338119507]
img_4876.txt
[238, 0, 521, 228, 0.9988042116165161] 
[0.0890625, 1.0847230526308218, 0.178125, 0.7222238830394215, 0.9988042116165161]
img_9601.txt
[785, 0, 1111, 342, 0.9989110231399536] 
[0.13359375, 2.3138896451228197, 0.2671875, 1.541668179134528, 0.9989110231399536]
img_5109.txt
[122, 147, 290, 402, 0.9991732239723206] 
[0.214453125, 0.6034727963722415, 0.19921875, 0.40139003718892735, 0.9991732239723206]
img_5398.txt
[0, 119, 122, 465, 0.9265229105949402] 
[0.228125, 0.25352324797875353, 0.2703125, 0.16815760706861813, 0.9265229105949402]
img_5419.txt
[0, 51, 234, 462, 0.9943045973777771] 
[0.200390625, 0.48680951069626544, 0.32109375, 0.32361902139253085, 0.9943045973777771]
img_9612.txt
[826, 0, 1148, 370, 0.998230516910553] 
[0.14453125, 2.3909734510299234, 0.2890625, 1.5930580131709575, 0.998230516910553]
img_5127.txt
[124, 131, 350, 458, 0.9936131834983826] 
[0.230078125, 0.7284766575114594, 0.25546875, 0.4847310928006967, 0.9936131834983826]
img_5141.txt
[45, 0, 299, 259, 0.9939957857131958] 
[0.101171875, 0.6222263918154769, 0.20234375, 0.41389722807539836, 0.9939957857131958]
img_2705.txt
[436, 439, 657, 661, 0.9746613502502441] 
[0.4296875, 1.368073151840104, 0.1734375, 0.911146303680208, 0.9746613502502441]
img_5405.txt
[0, 180, 140, 540, 0.9688377380371094] 
[0.28125, 0.2909938626819187, 0.28125, 0.19309883647494847, 0.9688377380371094]
img_10277.txt
[1124, 208, 1278, 616, 0.966748833656311] 
[0.321875, 2.6618286466432943, 0.31875, 1.7736572932865884, 0.966748833656311]
img_3016.txt
[563, 595, 757, 719, 0.9229546189308167] 
[0.51328125, 1.5764423926257425, 0.096875, 1.050107007473707, 0.9229546189308167]
img_9598.txt
[790, 0, 1116, 350, 0.9988865256309509] 
[0.13671875, 2.324306328801645, 0.2734375, 1.5486126576032904, 0.9988865256309509]
img_9593.txt
[878, 13, 1175, 382, 0.9986429810523987] 
[0.154296875, 2.4472231645964913, 0.28828125, 1.6305574403040939, 0.9986429810523987]
img_2341.txt
[525, 329, 579, 381, 0.9901003241539001] 
[0.27734375, 1.2055624303304486, 0.040625, 0.802791527327564, 0.9901003241539001]
img_5139.txt
[107, 0, 390, 313, 0.9991132616996765] 
[0.122265625, 0.8118061713460419, 0.24453125, 0.5402790093587504, 0.9991132616996765]
img_2702.txt
[416, 285, 715, 565, 0.9619890451431274] 
[0.33203125, 1.4889152853853174, 0.21875, 0.9917194596595235, 0.9619890451431274]
img_2343.txt
[512, 322, 564, 370, 0.9211525321006775] 
[0.2703125, 1.1743603107415967, 0.0375, 0.7820539548165268, 0.9211525321006775]
img_2709.txt
[559, 546, 772, 719, 0.9512745141983032] 
[0.494140625, 1.6076727260318067, 0.13515625, 1.070901007619169, 0.9512745141983032]
img_5530.txt
[105, 0, 443, 410, 0.999208390712738] 
[0.16015625, 0.922222771950894, 0.3203125, 0.6138899883462323, 0.999208390712738]
img_5130.txt
[135, 142, 385, 465, 0.9981350898742676] 
[0.237109375, 0.8013901839653651, 0.25234375, 0.5333359234862858, 0.9981350898742676]
img_5084.txt
[0, 70, 82, 308, 0.9809746146202087] 
[0.14765625, 0.17015210096206929, 0.1859375, 0.11252642414636083, 0.9809746146202087]
img_4863.txt
[7, 0, 232, 222, 0.9876818060874939] 
[0.08671875, 0.482647443190217, 0.1734375, 0.3208504419359896, 0.9876818060874939]
img_1254.txt
[797, 300, 1212, 536, 0.9630935192108154] 
[0.3265625, 2.5243311850561034, 0.184375, 1.6819957034455406, 0.9630935192108154]
img_9614.txt
[824, 0, 1154, 381, 0.9991140961647034] 
[0.148828125, 2.403472837433219, 0.29765625, 1.6013901193108824, 0.9991140961647034]
img_5396.txt
[0, 103, 124, 454, 0.9675595760345459] 
[0.217578125, 0.25766141696108713, 0.27421875, 0.1708783894777298, 0.9675595760345459]
img_4874.txt
[223, 0, 499, 239, 0.9985779523849487] 
[0.093359375, 1.038889876421955, 0.18671875, 0.6916686417327986, 0.9985779523849487]
img_7167.txt
[610, 0, 982, 202, 0.9985038042068481] 
[0.07890625, 2.045139927913745, 0.1578125, 1.3625020780497128, 0.9985038042068481]
img_7923.txt
[575, 590, 669, 692, 0.9929431080818176] 
[0.50078125, 1.3930604561749431, 0.0796875, 0.9277875790165531, 0.9929431080818176]
img_1059.txt
[539, 247, 908, 671, 0.942854642868042] 
[0.35859375, 1.8910119064980082, 0.33125, 1.2598015907737943, 0.942854642868042]
img_7189.txt
[570, 0, 929, 194, 0.9851594567298889] 
[0.07578125, 1.9347325281550487, 0.1515625, 1.288909500754542, 0.9851594567298889]
img_5125.txt
[128, 147, 325, 426, 0.9944179058074951] 
[0.223828125, 0.6763927653431893, 0.21796875, 0.4500077529086007, 0.9944179058074951]
img_9596.txt
[805, 0, 1124, 358, 0.9988670349121094] 
[0.13984375, 2.3409730090035334, 0.2796875, 1.5597237957848442, 0.9988670349121094]
img_5133.txt
[211, 109, 480, 460, 0.9992285966873169] 
[0.222265625, 0.9993060912523005, 0.27421875, 0.6652788491712676, 0.9992285966873169]
img_4882.txt
[274, 0, 568, 348, 0.9989888072013855] 
[0.1359375, 1.18263959110611, 0.271875, 0.7875014044344425, 0.9989888072013855]
img_5410.txt
[0, 189, 203, 601, 0.9956129789352417] 
[0.30859375, 0.4222252687646283, 0.321875, 0.2805616486403677, 0.9956129789352417]
img_5092.txt
[0, 105, 93, 328, 0.992639422416687] 
[0.169140625, 0.1930606670677662, 0.17421875, 0.12778800080219904, 0.992639422416687]
img_1620.txt
[420, 443, 853, 658, 0.9083832502365112] 
[0.430078125, 1.7764525116317802, 0.16796875, 1.183460578819116, 0.9083832502365112]
img_5103.txt
[71, 133, 230, 377, 0.9978882670402527] 
[0.19921875, 0.47847368870344426, 0.190625, 0.31805848851799967, 0.9978882670402527]
img_2708.txt
[522, 540, 744, 719, 0.9409833550453186] 
[0.491796875, 1.549346539336774, 0.13984375, 1.0320264120068816, 0.9409833550453186]
img_5406.txt
[0, 185, 139, 553, 0.9846532940864563] 
[0.28828125, 0.2888995463235511, 0.2875, 0.19168798153599104, 0.9846532940864563]
img_6900.txt
[1087, 0, 1181, 101, 0.9474065899848938] 
[0.039453125, 2.4597587454236214, 0.07890625, 1.6389619352916875, 0.9474065899848938]
img_9613.txt
[827, 0, 1148, 376, 0.9986597299575806] 
[0.146875, 2.3909731529653073, 0.29375, 1.5930574170417255, 0.9986597299575806]
img_2704.txt
[444, 418, 663, 642, 0.9795204401016235] 
[0.4140625, 1.3805697774721517, 0.175, 0.9194728882776366, 0.9795204401016235]
img_10527.txt
[1147, 0, 1278, 174, 0.9989349246025085] 
[0.06796875, 2.6618062951912482, 0.1359375, 1.7736125903824964, 0.9989349246025085]
img_5420.txt
[0, 6, 255, 417, 0.9963071346282959] 
[0.165234375, 0.530558120045397, 0.32109375, 0.3527829067574607, 0.9963071346282959]
img_7175.txt
[620, 0, 956, 173, 0.9668789505958557] 
[0.067578125, 1.990995222950975, 0.13515625, 1.3264348903463947, 0.9668789505958557]
img_9622.txt
[823, 0, 1236, 492, 0.9914167523384094] 
[0.1921875, 2.5743115161442094, 0.384375, 1.7152896989550857, 0.9914167523384094]
img_2707.txt
[473, 507, 702, 719, 0.9719396233558655] 
[0.47890625, 1.461825041928225, 0.165625, 0.9736500838564501, 0.9719396233558655]
img_5424.txt
[0, 0, 254, 259, 0.9950721859931946] 
[0.101171875, 0.5284756443152825, 0.20234375, 0.35139573307500943, 0.9950721859931946]
img_2316.txt
[556, 239, 614, 292, 0.9412057399749756] 
[0.207421875, 1.2785130515694618, 0.04140625, 0.851470547583368, 0.9412057399749756]
img_9609.txt
[833, 0, 1140, 346, 0.99733966588974] 
[0.13515625, 2.374307403009799, 0.2703125, 1.5819481393529309, 0.99733966588974]
img_5537.txt
[0, 33, 121, 400, 0.9228227138519287] 
[0.169140625, 0.25144248422649174, 0.28671875, 0.16677385734187233, 0.9228227138519287]
img_4871.txt
[223, 0, 497, 263, 0.9985067248344421] 
[0.102734375, 1.0347232592188649, 0.20546875, 0.6888909628821744, 0.9985067248344421]
img_7097.txt
[514, 0, 889, 170, 0.9261950850486755] 
[0.06640625, 1.8514401423020495, 0.1328125, 1.2334358401596546, 0.9261950850486755]
img_6896.txt
[1006, 0, 1102, 99, 0.9056470990180969] 
[0.038671875, 2.295204411736793, 0.07734375, 1.529297712362475, 0.9056470990180969]
img_5077.txt
[0, 4, 100, 248, 0.9966045618057251] 
[0.0984375, 0.20764124683207935, 0.190625, 0.13750471588638094, 0.9966045618057251]
img_4883.txt
[247, 0, 552, 396, 0.9986770749092102] 
[0.1546875, 1.1493064742535353, 0.309375, 0.7652796151737372, 0.9986770749092102]
